1.0000e+04 5.0161e+02 3.0000e+00
1.0010e+04 5.0550e+02 3.0000e+00
1.0020e+04 4.9322e+02 3.0000e+00
1.0030e+04 5.0259e+02 3.0000e+00
1.0040e+04 5.0096e+02 3.0000e+00
1.0050e+04 4.9608e+02 3.0000e+00
1.0060e+04 4.9870e+02 3.0000e+00
1.0070e+04 5.0103e+02 3.0000e+00
1.0080e+04 5.1074e+02 3.0000e+00
1.0090e+04 5.0831e+02 3.0000e+00
1.0100e+04 4.9595e+02 3.0000e+00
1.0110e+04 5.0910e+02 3.0000e+00
1.0120e+04 5.0218e+02 3.0000e+00
1.0130e+04 4.9981e+02 3.0000e+00
1.0140e+04 5.0214e+02 3.0000e+00
1.0150e+04 4.9939e+02 3.0000e+00
1.0160e+04 4.9963e+02 3.0000e+00
1.0170e+04 5.0447e+02 3.0000e+00
1.0180e+04 5.0423e+02 3.0000e+00
1.0190e+04 5.0425e+02 3.0000e+00
1.0200e+04 5.0201e+02 3.0000e+00
1.0210e+04 4.9638e+02 3.0000e+00
1.0220e+04 5.0215e+02 3.0000e+00
1.0230e+04 5.0489e+02 3.0000e+00
1.0240e+04 5.0147e+02 3.0000e+00
1.0250e+04 5.0310e+02 3.0000e+00
1.0260e+04 5.0218e+02 3.0000e+00
1.0270e+04 4.9909e+02 3.0000e+00
1.0280e+04 5.0088e+02 3.0000e+00
1.0290e+04 4.9764e+02 3.0000e+00
1.0300e+04 5.0267e+02 3.0000e+00
1.0310e+04 4.9656e+02 3.0000e+00
1.0320e+04 4.9679e+02 3.0000e+00
1.0330e+04 4.9757e+02 3.0000e+00
1.0340e+04 4.9117e+02 3.0000e+00
1.0350e+04 5.0432e+02 3.0000e+00
1.0360e+04 5.0098e+02 3.0000e+00
1.0370e+04 4.9774e+02 3.0000e+00
1.0380e+04 5.0411e+02 3.0000e+00
1.0390e+04 4.9487e+02 3.0000e+00
1.0400e+04 4.9969e+02 3.0000e+00
1.0410e+04 4.9928e+02 3.0000e+00
1.0420e+04 5.0096e+02 3.0000e+00
1.0430e+04 5.0094e+02 3.0000e+00
1.0440e+04 4.9741e+02 3.0000e+00
1.0450e+04 4.9991e+02 3.0000e+00
1.0460e+04 4.9951e+02 3.0000e+00
1.0470e+04 5.0188e+02 3.0000e+00
1.0480e+04 5.0328e+02 3.0000e+00
1.0490e+04 5.0333e+02 3.0000e+00
1.0500e+04 4.9741e+02 3.0000e+00
1.0510e+04 5.0023e+02 3.0000e+00
1.0520e+04 4.9636e+02 3.0000e+00
1.0530e+04 4.9666e+02 3.0000e+00
1.0540e+04 4.9998e+02 3.0000e+00
1.0550e+04 5.0460e+02 3.0000e+00
1.0560e+04 4.9769e+02 3.0000e+00
1.0570e+04 5.0111e+02 3.0000e+00
1.0580e+04 4.9932e+02 3.0000e+00
1.0590e+04 5.0335e+02 3.0000e+00
1.0600e+04 4.9673e+02 3.0000e+00
1.0610e+04 5.0010e+02 3.0000e+00
1.0620e+04 5.0166e+02 3.0000e+00
1.0630e+04 5.0330e+02 3.0000e+00
1.0640e+04 5.0463e+02 3.0000e+00
1.0650e+04 5.0026e+02 3.0000e+00
1.0660e+04 4.9553e+02 3.0000e+00
1.0670e+04 4.9777e+02 3.0000e+00
1.0680e+04 4.9682e+02 3.0000e+00
1.0690e+04 5.0705e+02 3.0000e+00
1.0700e+04 4.9815e+02 3.0000e+00
1.0710e+04 5.0224e+02 3.0000e+00
1.0720e+04 4.9942e+02 3.0000e+00
1.0730e+04 5.0267e+02 3.0000e+00
1.0740e+04 4.9771e+02 3.0000e+00
1.0750e+04 4.9579e+02 3.0000e+00
1.0760e+04 4.9573e+02 3.0000e+00
1.0770e+04 5.0146e+02 3.0000e+00
1.0780e+04 4.9947e+02 3.0000e+00
1.0790e+04 4.9941e+02 3.0000e+00
1.0800e+04 5.0426e+02 3.0000e+00
1.0810e+04 5.0088e+02 3.0000e+00
1.0820e+04 5.0059e+02 3.0000e+00
1.0830e+04 5.0476e+02 3.0000e+00
1.0840e+04 4.9759e+02 3.0000e+00
1.0850e+04 5.0209e+02 3.0000e+00
1.0860e+04 5.0251e+02 3.0000e+00
1.0870e+04 4.9927e+02 3.0000e+00
1.0880e+04 5.0065e+02 3.0000e+00
1.0890e+04 4.9650e+02 3.0000e+00
1.0900e+04 4.9656e+02 3.0000e+00
1.0910e+04 5.0032e+02 3.0000e+00
1.0920e+04 5.0217e+02 3.0000e+00
1.0930e+04 5.0776e+02 3.0000e+00
1.0940e+04 4.9800e+02 3.0000e+00
1.0950e+04 5.0056e+02 3.0000e+00
1.0960e+04 4.9975e+02 3.0000e+00
1.0970e+04 4.9420e+02 3.0000e+00
1.0980e+04 4.9868e+02 3.0000e+00
1.0990e+04 4.9462e+02 3.0000e+00
1.1000e+04 5.0252e+02 3.0000e+00
1.1010e+04 4.9734e+02 3.0000e+00
1.1020e+04 5.0030e+02 3.0000e+00
1.1030e+04 4.9837e+02 3.0000e+00
1.1040e+04 5.0091e+02 3.0000e+00
1.1050e+04 4.9820e+02 3.0000e+00
1.1060e+04 5.0147e+02 3.0000e+00
1.1070e+04 5.0222e+02 3.0000e+00
1.1080e+04 5.0514e+02 3.0000e+00
1.1090e+04 4.9942e+02 3.0000e+00
1.1100e+04 4.9359e+02 3.0000e+00
1.1110e+04 4.9748e+02 3.0000e+00
1.1120e+04 5.0406e+02 3.0000e+00
1.1130e+04 4.9678e+02 3.0000e+00
1.1140e+04 5.0288e+02 3.0000e+00
1.1150e+04 5.0037e+02 3.0000e+00
1.1160e+04 5.0431e+02 3.0000e+00
1.1170e+04 4.9412e+02 3.0000e+00
1.1180e+04 4.9941e+02 3.0000e+00
1.1190e+04 4.9638e+02 3.0000e+00
1.1200e+04 5.0872e+02 3.0000e+00
1.1210e+04 5.0248e+02 3.0000e+00
1.1220e+04 5.0414e+02 3.0000e+00
1.1230e+04 4.9683e+02 3.0000e+00
1.1240e+04 4.9859e+02 3.0000e+00
1.1250e+04 4.9918e+02 3.0000e+00
1.1260e+04 5.0330e+02 3.0000e+00
1.1270e+04 4.9917e+02 3.0000e+00
1.1280e+04 5.0211e+02 3.0000e+00
1.1290e+04 4.9385e+02 3.0000e+00
1.1300e+04 4.9894e+02 3.0000e+00
1.1310e+04 4.9753e+02 3.0000e+00
1.1320e+04 4.9527e+02 3.0000e+00
1.1330e+04 5.0152e+02 3.0000e+00
1.1340e+04 5.0085e+02 3.0000e+00
1.1350e+04 5.0010e+02 3.0000e+00
1.1360e+04 4.9600e+02 3.0000e+00
1.1370e+04 5.0338e+02 3.0000e+00
1.1380e+04 5.0105e+02 3.0000e+00
1.1390e+04 4.9910e+02 3.0000e+00
1.1400e+04 5.0007e+02 3.0000e+00
1.1410e+04 4.9921e+02 3.0000e+00
1.1420e+04 4.9475e+02 3.0000e+00
1.1430e+04 4.9914e+02 3.0000e+00
1.1440e+04 4.9751e+02 3.0000e+00
1.1450e+04 4.9706e+02 3.0000e+00
1.1460e+04 4.9653e+02 3.0000e+00
1.1470e+04 4.9840e+02 3.0000e+00
1.1480e+04 4.9399e+02 3.0000e+00
1.1490e+04 5.0289e+02 3.0000e+00
1.1500e+04 5.0156e+02 3.0000e+00
1.1510e+04 4.9994e+02 3.0000e+00
1.1520e+04 4.9990e+02 3.0000e+00
1.1530e+04 4.9761e+02 3.0000e+00
1.1540e+04 5.0306e+02 3.0000e+00
1.1550e+04 4.9960e+02 3.0000e+00
1.1560e+04 4.9786e+02 3.0000e+00
1.1570e+04 5.0405e+02 3.0000e+00
1.1580e+04 4.9933e+02 3.0000e+00
1.1590e+04 4.9823e+02 3.0000e+00
1.1600e+04 4.9912e+02 3.0000e+00
1.1610e+04 4.9746e+02 3.0000e+00
1.1620e+04 4.9664e+02 3.0000e+00
1.1630e+04 5.0758e+02 3.0000e+00
1.1640e+04 5.0497e+02 3.0000e+00
1.1650e+04 5.0092e+02 3.0000e+00
1.1660e+04 4.9623e+02 3.0000e+00
1.1670e+04 4.9740e+02 3.0000e+00
1.1680e+04 4.9947e+02 3.0000e+00
1.1690e+04 5.0238e+02 3.0000e+00
1.1700e+04 4.9600e+02 3.0000e+00
1.1710e+04 4.9301e+02 3.0000e+00
1.1720e+04 4.9565e+02 3.0000e+00
1.1730e+04 5.0100e+02 3.0000e+00
1.1740e+04 5.0117e+02 3.0000e+00
1.1750e+04 5.0136e+02 3.0000e+00
1.1760e+04 4.9961e+02 3.0000e+00
1.1770e+04 5.0055e+02 3.0000e+00
1.1780e+04 4.9857e+02 3.0000e+00
1.1790e+04 5.0259e+02 3.0000e+00
1.1800e+04 4.9592e+02 3.0000e+00
1.1810e+04 5.0137e+02 3.0000e+00
1.1820e+04 4.9745e+02 3.0000e+00
1.1830e+04 4.9900e+02 3.0000e+00
1.1840e+04 5.0166e+02 3.0000e+00
1.1850e+04 5.0312e+02 3.0000e+00
1.1860e+04 4.9665e+02 3.0000e+00
1.1870e+04 5.0378e+02 3.0000e+00
1.1880e+04 5.0198e+02 3.0000e+00
1.1890e+04 4.9980e+02 3.0000e+00
1.1900e+04 4.9942e+02 3.0000e+00
1.1910e+04 4.9935e+02 3.0000e+00
1.1920e+04 4.9909e+02 3.0000e+00
1.1930e+04 5.0007e+02 3.0000e+00
1.1940e+04 5.0015e+02 3.0000e+00
1.1950e+04 5.0248e+02 3.0000e+00
1.1960e+04 5.0458e+02 3.0000e+00
1.1970e+04 5.0140e+02 3.0000e+00
1.1980e+04 4.9937e+02 3.0000e+00
1.1990e+04 5.0188e+02 3.0000e+00
1.2000e+04 5.0055e+02 3.0000e+00
1.2010e+04 4.9691e+02 3.0000e+00
1.2020e+04 5.0285e+02 3.0000e+00
1.2030e+04 5.0092e+02 3.0000e+00
1.2040e+04 5.0041e+02 3.0000e+00
1.2050e+04 5.0155e+02 3.0000e+00
1.2060e+04 5.0079e+02 3.0000e+00
1.2070e+04 4.9718e+02 3.0000e+00
1.2080e+04 4.9951e+02 3.0000e+00
1.2090e+04 4.9956e+02 3.0000e+00
1.2100e+04 4.9841e+02 3.0000e+00
1.2110e+04 5.0505e+02 3.0000e+00
1.2120e+04 4.9737e+02 3.0000e+00
1.2130e+04 4.9855e+02 3.0000e+00
1.2140e+04 4.9787e+02 3.0000e+00
1.2150e+04 4.9648e+02 3.0000e+00
1.2160e+04 4.9942e+02 3.0000e+00
1.2170e+04 4.9918e+02 3.0000e+00
1.2180e+04 5.0459e+02 3.0000e+00
1.2190e+04 4.9925e+02 3.0000e+00
1.2200e+04 4.9681e+02 3.0000e+00
1.2210e+04 5.0481e+02 3.0000e+00
1.2220e+04 5.0371e+02 3.0000e+00
1.2230e+04 4.9931e+02 3.0000e+00
1.2240e+04 4.9548e+02 3.0000e+00
1.2250e+04 4.9867e+02 3.0000e+00
1.2260e+04 4.9953e+02 3.0000e+00
1.2270e+04 5.0083e+02 3.0000e+00
1.2280e+04 4.9922e+02 3.0000e+00
1.2290e+04 5.0133e+02 3.0000e+00
1.2300e+04 5.0118e+02 3.0000e+00
1.2310e+04 4.9625e+02 3.0000e+00
1.2320e+04 4.9716e+02 3.0000e+00
1.2330e+04 4.9778e+02 3.0000e+00
1.2340e+04 4.9848e+02 3.0000e+00
1.2350e+04 4.9904e+02 3.0000e+00
1.2360e+04 5.0004e+02 3.0000e+00
1.2370e+04 4.9091e+02 3.0000e+00
1.2380e+04 4.9863e+02 3.0000e+00
1.2390e+04 5.0373e+02 3.0000e+00
1.2400e+04 4.9680e+02 3.0000e+00
1.2410e+04 5.0280e+02 3.0000e+00
1.2420e+04 5.0105e+02 3.0000e+00
1.2430e+04 4.9991e+02 3.0000e+00
1.2440e+04 5.0055e+02 3.0000e+00
1.2450e+04 4.9531e+02 3.0000e+00
1.2460e+04 4.9975e+02 3.0000e+00
1.2470e+04 5.0481e+02 3.0000e+00
1.2480e+04 5.0030e+02 3.0000e+00
1.2490e+04 5.0013e+02 3.0000e+00
1.2500e+04 4.9780e+02 3.0000e+00
1.2510e+04 4.9991e+02 3.0000e+00
1.2520e+04 5.0070e+02 3.0000e+00
1.2530e+04 5.0128e+02 3.0000e+00
1.2540e+04 4.9888e+02 3.0000e+00
1.2550e+04 4.9929e+02 3.0000e+00
1.2560e+04 5.0607e+02 3.0000e+00
1.2570e+04 4.9323e+02 3.0000e+00
1.2580e+04 5.0669e+02 3.0000e+00
1.2590e+04 5.0101e+02 3.0000e+00
1.2600e+04 5.0300e+02 3.0000e+00
1.2610e+04 4.9501e+02 3.0000e+00
1.2620e+04 4.9823e+02 3.0000e+00
1.2630e+04 4.9917e+02 3.0000e+00
1.2640e+04 5.0127e+02 3.0000e+00
1.2650e+04 4.9499e+02 3.0000e+00
1.2660e+04 5.0142e+02 3.0000e+00
1.2670e+04 4.9636e+02 3.0000e+00
1.2680e+04 5.0020e+02 3.0000e+00
1.2690e+04 5.0196e+02 3.0000e+00
1.2700e+04 5.0098e+02 3.0000e+00
1.2710e+04 5.0325e+02 3.0000e+00
1.2720e+04 5.0302e+02 3.0000e+00
1.2730e+04 4.9805e+02 3.0000e+00
1.2740e+04 5.0077e+02 3.0000e+00
1.2750e+04 4.9717e+02 3.0000e+00
1.2760e+04 4.9604e+02 3.0000e+00
1.2770e+04 5.0278e+02 3.0000e+00
1.2780e+04 5.0000e+02 3.0000e+00
1.2790e+04 4.9984e+02 3.0000e+00
1.2800e+04 5.0273e+02 3.0000e+00
1.2810e+04 5.0179e+02 3.0000e+00
1.2820e+04 5.0105e+02 3.0000e+00
1.2830e+04 5.0375e+02 3.0000e+00
1.2840e+04 5.0279e+02 3.0000e+00
1.2850e+04 5.0072e+02 3.0000e+00
1.2860e+04 4.9793e+02 3.0000e+00
1.2870e+04 4.9805e+02 3.0000e+00
1.2880e+04 5.0358e+02 3.0000e+00
1.2890e+04 4.9517e+02 3.0000e+00
1.2900e+04 4.9993e+02 3.0000e+00
1.2910e+04 4.9415e+02 3.0000e+00
1.2920e+04 5.0306e+02 3.0000e+00
1.2930e+04 5.0259e+02 3.0000e+00
1.2940e+04 5.0000e+02 3.0000e+00
1.2950e+04 4.9979e+02 3.0000e+00
1.2960e+04 4.9254e+02 3.0000e+00
1.2970e+04 5.0175e+02 3.0000e+00
1.2980e+04 4.9342e+02 3.0000e+00
1.2990e+04 4.9304e+02 3.0000e+00
1.3000e+04 5.0024e+02 3.0000e+00
1.3010e+04 4.9716e+02 3.0000e+00
1.3020e+04 5.0124e+02 3.0000e+00
1.3030e+04 5.0203e+02 3.0000e+00
1.3040e+04 5.0257e+02 3.0000e+00
1.3050e+04 4.9793e+02 3.0000e+00
1.3060e+04 5.0135e+02 3.0000e+00
1.3070e+04 5.0030e+02 3.0000e+00
1.3080e+04 5.0248e+02 3.0000e+00
1.3090e+04 5.0161e+02 3.0000e+00
1.3100e+04 5.0270e+02 3.0000e+00
1.3110e+04 4.9961e+02 3.0000e+00
1.3120e+04 4.9956e+02 3.0000e+00
1.3130e+04 5.0302e+02 3.0000e+00
1.3140e+04 4.9363e+02 3.0000e+00
1.3150e+04 4.9849e+02 3.0000e+00
1.3160e+04 4.9619e+02 3.0000e+00
1.3170e+04 4.9885e+02 3.0000e+00
1.3180e+04 5.0195e+02 3.0000e+00
1.3190e+04 5.0248e+02 3.0000e+00
1.3200e+04 4.9696e+02 3.0000e+00
1.3210e+04 4.9859e+02 3.0000e+00
1.3220e+04 5.0041e+02 3.0000e+00
1.3230e+04 4.9913e+02 3.0000e+00
1.3240e+04 5.0091e+02 3.0000e+00
1.3250e+04 5.0120e+02 3.0000e+00
1.3260e+04 4.9721e+02 3.0000e+00
1.3270e+04 4.9947e+02 3.0000e+00
1.3280e+04 4.9361e+02 3.0000e+00
1.3290e+04 5.0344e+02 3.0000e+00
1.3300e+04 4.9811e+02 3.0000e+00
1.3310e+04 4.9639e+02 3.0000e+00
1.3320e+04 4.9924e+02 3.0000e+00
1.3330e+04 4.9572e+02 3.0000e+00
1.3340e+04 4.9994e+02 3.0000e+00
1.3350e+04 4.9832e+02 3.0000e+00
1.3360e+04 5.0654e+02 3.0000e+00
1.3370e+04 5.0342e+02 3.0000e+00
1.3380e+04 4.9251e+02 3.0000e+00
1.3390e+04 5.0133e+02 3.0000e+00
1.3400e+04 4.9581e+02 3.0000e+00
1.3410e+04 4.9924e+02 3.0000e+00
1.3420e+04 5.0049e+02 3.0000e+00
1.3430e+04 5.0224e+02 3.0000e+00
1.3440e+04 4.9918e+02 3.0000e+00
1.3450e+04 5.0473e+02 3.0000e+00
1.3460e+04 4.9856e+02 3.0000e+00
1.3470e+04 5.0098e+02 3.0000e+00
1.3480e+04 5.0200e+02 3.0000e+00
1.3490e+04 5.0026e+02 3.0000e+00
1.3500e+04 5.0264e+02 3.0000e+00
1.3510e+04 5.0097e+02 3.0000e+00
1.3520e+04 4.9765e+02 3.0000e+00
1.3530e+04 4.9459e+02 3.0000e+00
1.3540e+04 5.0558e+02 3.0000e+00
1.3550e+04 4.9819e+02 3.0000e+00
1.3560e+04 5.0031e+02 3.0000e+00
1.3570e+04 5.0169e+02 3.0000e+00
1.3580e+04 5.0034e+02 3.0000e+00
1.3590e+04 4.9729e+02 3.0000e+00
1.3600e+04 4.9860e+02 3.0000e+00
1.3610e+04 4.9963e+02 3.0000e+00
1.3620e+04 5.0444e+02 3.0000e+00
1.3630e+04 4.9742e+02 3.0000e+00
1.3640e+04 5.0236e+02 3.0000e+00
1.3650e+04 5.0093e+02 3.0000e+00
1.3660e+04 4.9930e+02 3.0000e+00
1.3670e+04 4.9683e+02 3.0000e+00
1.3680e+04 4.9915e+02 3.0000e+00
1.3690e+04 4.9974e+02 3.0000e+00
1.3700e+04 4.9559e+02 3.0000e+00
1.3710e+04 5.0058e+02 3.0000e+00
1.3720e+04 4.9753e+02 3.0000e+00
1.3730e+04 4.9972e+02 3.0000e+00
1.3740e+04 5.0101e+02 3.0000e+00
1.3750e+04 4.9729e+02 3.0000e+00
1.3760e+04 4.9914e+02 3.0000e+00
1.3770e+04 5.0105e+02 3.0000e+00
1.3780e+04 4.9449e+02 3.0000e+00
1.3790e+04 5.0311e+02 3.0000e+00
1.3800e+04 5.0728e+02 3.0000e+00
1.3810e+04 5.0288e+02 3.0000e+00
1.3820e+04 4.9905e+02 3.0000e+00
1.3830e+04 5.0129e+02 3.0000e+00
1.3840e+04 4.9689e+02 3.0000e+00
1.3850e+04 5.0564e+02 3.0000e+00
1.3860e+04 5.0282e+02 3.0000e+00
1.3870e+04 5.0236e+02 3.0000e+00
1.3880e+04 4.9737e+02 3.0000e+00
1.3890e+04 5.0096e+02 3.0000e+00
1.3900e+04 4.9833e+02 3.0000e+00
1.3910e+04 4.9907e+02 3.0000e+00
1.3920e+04 4.9829e+02 3.0000e+00
1.3930e+04 4.9692e+02 3.0000e+00
1.3940e+04 4.9728e+02 3.0000e+00
1.3950e+04 4.9937e+02 3.0000e+00
1.3960e+04 4.9491e+02 3.0000e+00
1.3970e+04 5.0182e+02 3.0000e+00
1.3980e+04 4.9965e+02 3.0000e+00
1.3990e+04 5.0210e+02 3.0000e+00
1.4000e+04 5.0081e+02 3.0000e+00
1.4010e+04 5.0148e+02 3.0000e+00
1.4020e+04 4.9555e+02 3.0000e+00
1.4030e+04 4.9694e+02 3.0000e+00
1.4040e+04 4.9866e+02 3.0000e+00
1.4050e+04 5.0033e+02 3.0000e+00
1.4060e+04 5.0339e+02 3.0000e+00
1.4070e+04 4.9913e+02 3.0000e+00
1.4080e+04 5.0379e+02 3.0000e+00
1.4090e+04 5.0143e+02 3.0000e+00
1.4100e+04 5.0352e+02 3.0000e+00
1.4110e+04 5.0038e+02 3.0000e+00
1.4120e+04 4.9803e+02 3.0000e+00
1.4130e+04 4.9556e+02 3.0000e+00
1.4140e+04 5.0047e+02 3.0000e+00
1.4150e+04 5.0246e+02 3.0000e+00
1.4160e+04 4.9912e+02 3.0000e+00
1.4170e+04 4.9838e+02 3.0000e+00
1.4180e+04 4.9908e+02 3.0000e+00
1.4190e+04 4.9671e+02 3.0000e+00
1.4200e+04 4.9852e+02 3.0000e+00
1.4210e+04 4.9946e+02 3.0000e+00
1.4220e+04 5.0014e+02 3.0000e+00
1.4230e+04 4.9981e+02 3.0000e+00
1.4240e+04 5.0184e+02 3.0000e+00
1.4250e+04 5.0033e+02 3.0000e+00
1.4260e+04 5.0544e+02 3.0000e+00
1.4270e+04 5.0094e+02 3.0000e+00
1.4280e+04 5.0542e+02 3.0000e+00
1.4290e+04 4.9783e+02 3.0000e+00
1.4300e+04 5.0158e+02 3.0000e+00
1.4310e+04 4.9922e+02 3.0000e+00
1.4320e+04 5.0180e+02 3.0000e+00
1.4330e+04 5.0178e+02 3.0000e+00
1.4340e+04 4.9344e+02 3.0000e+00
1.4350e+04 4.9602e+02 3.0000e+00
1.4360e+04 4.9568e+02 3.0000e+00
1.4370e+04 5.0121e+02 3.0000e+00
1.4380e+04 5.0441e+02 3.0000e+00
1.4390e+04 4.9902e+02 3.0000e+00
1.4400e+04 5.0244e+02 3.0000e+00
1.4410e+04 5.0164e+02 3.0000e+00
1.4420e+04 4.9685e+02 3.0000e+00
1.4430e+04 5.0119e+02 3.0000e+00
1.4440e+04 4.9775e+02 3.0000e+00
1.4450e+04 5.0455e+02 3.0000e+00
1.4460e+04 4.9990e+02 3.0000e+00
1.4470e+04 5.0491e+02 3.0000e+00
1.4480e+04 4.9873e+02 3.0000e+00
1.4490e+04 5.0177e+02 3.0000e+00
1.4500e+04 4.9981e+02 3.0000e+00
1.4510e+04 4.9393e+02 3.0000e+00
1.4520e+04 4.9705e+02 3.0000e+00
1.4530e+04 5.0183e+02 3.0000e+00
1.4540e+04 4.9983e+02 3.0000e+00
1.4550e+04 4.9663e+02 3.0000e+00
1.4560e+04 4.9810e+02 3.0000e+00
1.4570e+04 5.0072e+02 3.0000e+00
1.4580e+04 4.9698e+02 3.0000e+00
1.4590e+04 5.0287e+02 3.0000e+00
1.4600e+04 4.9800e+02 3.0000e+00
1.4610e+04 5.0532e+02 3.0000e+00
1.4620e+04 4.9661e+02 3.0000e+00
1.4630e+04 5.0040e+02 3.0000e+00
1.4640e+04 4.9517e+02 3.0000e+00
1.4650e+04 4.9747e+02 3.0000e+00
1.4660e+04 4.9775e+02 3.0000e+00
1.4670e+04 5.0058e+02 3.0000e+00
1.4680e+04 5.0202e+02 3.0000e+00
1.4690e+04 4.9986e+02 3.0000e+00
1.4700e+04 4.9755e+02 3.0000e+00
1.4710e+04 5.0076e+02 3.0000e+00
1.4720e+04 5.0027e+02 3.0000e+00
1.4730e+04 4.9771e+02 3.0000e+00
1.4740e+04 4.9843e+02 3.0000e+00
1.4750e+04 4.9720e+02 3.0000e+00
1.4760e+04 4.9212e+02 3.0000e+00
1.4770e+04 4.9634e+02 3.0000e+00
1.4780e+04 4.9091e+02 3.0000e+00
1.4790e+04 4.8972e+02 3.0000e+00
1.4800e+04 4.9054e+02 3.0000e+00
1.4810e+04 4.8739e+02 3.0000e+00
1.4820e+04 4.8604e+02 3.0000e+00
1.4830e+04 4.8617e+02 3.0000e+00
1.4840e+04 4.8530e+02 3.0000e+00
1.4850e+04 4.7920e+02 3.0000e+00
1.4860e+04 4.7827e+02 3.0000e+00
1.4870e+04 4.7396e+02 3.0000e+00
1.4880e+04 4.7269e+02 3.0000e+00
1.4890e+04 4.7060e+02 3.0000e+00
1.4900e+04 4.6472e+02 3.0000e+00
1.4910e+04 4.6474e+02 3.0000e+00
1.4920e+04 4.6316e+02 3.0000e+00
1.4930e+04 4.5923e+02 3.0000e+00
1.4940e+04 4.6194e+02 3.0000e+00
1.4950e+04 4.5296e+02 3.0000e+00
1.4960e+04 4.5091e+02 3.0000e+00
1.4970e+04 4.4653e+02 3.0000e+00
1.4980e+04 4.5353e+02 3.0000e+00
1.4990e+04 4.5280e+02 3.0000e+00
1.5000e+04 4.4976e+02 3.0000e+00
1.5010e+04 4.5290e+02 3.0000e+00
1.5020e+04 4.5135e+02 3.0000e+00
1.5030e+04 4.5265e+02 3.0000e+00
1.5040e+04 4.5346e+02 3.0000e+00
1.5050e+04 4.5611e+02 3.0000e+00
1.5060e+04 4.5705e+02 3.0000e+00
1.5070e+04 4.6731e+02 3.0000e+00
1.5080e+04 4.5785e+02 3.0000e+00
1.5090e+04 4.5834e+02 3.0000e+00
1.5100e+04 4.6314e+02 3.0000e+00
1.5110e+04 4.6599e+02 3.0000e+00
1.5120e+04 4.7068e+02 3.0000e+00
1.5130e+04 4.7416e+02 3.0000e+00
1.5140e+04 4.7661e+02 3.0000e+00
1.5150e+04 4.8140e+02 3.0000e+00
1.5160e+04 4.8331e+02 3.0000e+00
1.5170e+04 4.8662e+02 3.0000e+00
1.5180e+04 4.9175e+02 3.0000e+00
1.5190e+04 4.9196e+02 3.0000e+00
1.5200e+04 4.8614e+02 3.0000e+00
1.5210e+04 4.8453e+02 3.0000e+00
1.5220e+04 4.9557e+02 3.0000e+00
1.5230e+04 4.8854e+02 3.0000e+00
1.5240e+04 4.9527e+02 3.0000e+00
1.5250e+04 4.9606e+02 3.0000e+00
1.5260e+04 5.0338e+02 3.0000e+00
1.5270e+04 4.9713e+02 3.0000e+00
1.5280e+04 4.9634e+02 3.0000e+00
1.5290e+04 4.9901e+02 3.0000e+00
1.5300e+04 4.9940e+02 3.0000e+00
1.5310e+04 4.9916e+02 3.0000e+00
1.5320e+04 4.9736e+02 3.0000e+00
1.5330e+04 4.9571e+02 3.0000e+00
1.5340e+04 5.0047e+02 3.0000e+00
1.5350e+04 4.9561e+02 3.0000e+00
1.5360e+04 4.9663e+02 3.0000e+00
1.5370e+04 5.0379e+02 3.0000e+00
1.5380e+04 4.9860e+02 3.0000e+00
1.5390e+04 4.9947e+02 3.0000e+00
1.5400e+04 5.0262e+02 3.0000e+00
1.5410e+04 4.9904e+02 3.0000e+00
1.5420e+04 5.0305e+02 3.0000e+00
1.5430e+04 4.9894e+02 3.0000e+00
1.5440e+04 5.0302e+02 3.0000e+00
1.5450e+04 5.0188e+02 3.0000e+00
1.5460e+04 4.9935e+02 3.0000e+00
1.5470e+04 4.9740e+02 3.0000e+00
1.5480e+04 4.9687e+02 3.0000e+00
1.5490e+04 4.9919e+02 3.0000e+00
1.5500e+04 4.9869e+02 3.0000e+00
1.5510e+04 4.9878e+02 3.0000e+00
1.5520e+04 5.0295e+02 3.0000e+00
1.5530e+04 4.9911e+02 3.0000e+00
1.5540e+04 5.0343e+02 3.0000e+00
1.5550e+04 4.9841e+02 3.0000e+00
1.5560e+04 5.0292e+02 3.0000e+00
1.5570e+04 4.9844e+02 3.0000e+00
1.5580e+04 5.0053e+02 3.0000e+00
1.5590e+04 5.0291e+02 3.0000e+00
1.5600e+04 4.9876e+02 3.0000e+00
1.5610e+04 4.9869e+02 3.0000e+00
1.5620e+04 5.0601e+02 3.0000e+00
1.5630e+04 5.0286e+02 3.0000e+00
1.5640e+04 4.9871e+02 3.0000e+00
1.5650e+04 5.0195e+02 3.0000e+00
1.5660e+04 4.9892e+02 3.0000e+00
1.5670e+04 5.0212e+02 3.0000e+00
1.5680e+04 5.0425e+02 3.0000e+00
1.5690e+04 4.9519e+02 3.0000e+00
1.5700e+04 5.0309e+02 3.0000e+00
1.5710e+04 5.0438e+02 3.0000e+00
1.5720e+04 5.0015e+02 3.0000e+00
1.5730e+04 5.0524e+02 3.0000e+00
1.5740e+04 5.0047e+02 3.0000e+00
1.5750e+04 4.9629e+02 3.0000e+00
1.5760e+04 4.9342e+02 3.0000e+00
1.5770e+04 4.9900e+02 3.0000e+00
1.5780e+04 5.0214e+02 3.0000e+00
1.5790e+04 5.0096e+02 3.0000e+00
1.5800e+04 5.0124e+02 3.0000e+00
1.5810e+04 4.9827e+02 3.0000e+00
1.5820e+04 5.0043e+02 3.0000e+00
1.5830e+04 4.9509e+02 3.0000e+00
1.5840e+04 4.9772e+02 3.0000e+00
1.5850e+04 4.9755e+02 3.0000e+00
1.5860e+04 5.0156e+02 3.0000e+00
1.5870e+04 4.9996e+02 3.0000e+00
1.5880e+04 4.9654e+02 3.0000e+00
1.5890e+04 4.9997e+02 3.0000e+00
1.5900e+04 4.9793e+02 3.0000e+00
1.5910e+04 4.9800e+02 3.0000e+00
1.5920e+04 5.0260e+02 3.0000e+00
1.5930e+04 5.0034e+02 3.0000e+00
1.5940e+04 5.0120e+02 3.0000e+00
1.5950e+04 5.0265e+02 3.0000e+00
1.5960e+04 5.0054e+02 3.0000e+00
1.5970e+04 5.0166e+02 3.0000e+00
1.5980e+04 5.0205e+02 3.0000e+00
1.5990e+04 5.0351e+02 3.0000e+00
1.6000e+04 5.0143e+02 3.0000e+00
1.6010e+04 5.0424e+02 3.0000e+00
1.6020e+04 5.0007e+02 3.0000e+00
1.6030e+04 4.9986e+02 3.0000e+00
1.6040e+04 5.0511e+02 3.0000e+00
1.6050e+04 4.9847e+02 3.0000e+00
1.6060e+04 4.9999e+02 3.0000e+00
1.6070e+04 5.0276e+02 3.0000e+00
1.6080e+04 5.0045e+02 3.0000e+00
1.6090e+04 5.0422e+02 3.0000e+00
1.6100e+04 5.0311e+02 3.0000e+00
1.6110e+04 5.0088e+02 3.0000e+00
1.6120e+04 4.9767e+02 3.0000e+00
1.6130e+04 5.0170e+02 3.0000e+00
1.6140e+04 4.9586e+02 3.0000e+00
1.6150e+04 5.0074e+02 3.0000e+00
1.6160e+04 5.0243e+02 3.0000e+00
1.6170e+04 5.0064e+02 3.0000e+00
1.6180e+04 5.0264e+02 3.0000e+00
1.6190e+04 5.0612e+02 3.0000e+00
1.6200e+04 5.0277e+02 3.0000e+00
1.6210e+04 5.0080e+02 3.0000e+00
1.6220e+04 5.0193e+02 3.0000e+00
1.6230e+04 5.0128e+02 3.0000e+00
1.6240e+04 4.9606e+02 3.0000e+00
1.6250e+04 4.9875e+02 3.0000e+00
1.6260e+04 5.0368e+02 3.0000e+00
1.6270e+04 4.9987e+02 3.0000e+00
1.6280e+04 5.0175e+02 3.0000e+00
1.6290e+04 4.9698e+02 3.0000e+00
1.6300e+04 5.0020e+02 3.0000e+00
1.6310e+04 5.0180e+02 3.0000e+00
1.6320e+04 4.9592e+02 3.0000e+00
1.6330e+04 5.0105e+02 3.0000e+00
1.6340e+04 4.9946e+02 3.0000e+00
1.6350e+04 4.9718e+02 3.0000e+00
1.6360e+04 4.9989e+02 3.0000e+00
1.6370e+04 4.9431e+02 3.0000e+00
1.6380e+04 4.9362e+02 3.0000e+00
1.6390e+04 4.9647e+02 3.0000e+00
1.6400e+04 4.9703e+02 3.0000e+00
1.6410e+04 4.9648e+02 3.0000e+00
1.6420e+04 4.9483e+02 3.0000e+00
1.6430e+04 5.0087e+02 3.0000e+00
1.6440e+04 4.9522e+02 3.0000e+00
1.6450e+04 5.0033e+02 3.0000e+00
1.6460e+04 5.0236e+02 3.0000e+00
1.6470e+04 5.0000e+02 3.0000e+00
1.6480e+04 5.0028e+02 3.0000e+00
1.6490e+04 4.9887e+02 3.0000e+00
1.6500e+04 4.9555e+02 3.0000e+00
1.6510e+04 4.9987e+02 3.0000e+00
1.6520e+04 5.0288e+02 3.0000e+00
1.6530e+04 5.0522e+02 3.0000e+00
1.6540e+04 4.9871e+02 3.0000e+00
1.6550e+04 4.9512e+02 3.0000e+00
1.6560e+04 5.0050e+02 3.0000e+00
1.6570e+04 5.0113e+02 3.0000e+00
1.6580e+04 4.9932e+02 3.0000e+00
1.6590e+04 4.9655e+02 3.0000e+00
1.6600e+04 5.0607e+02 3.0000e+00
1.6610e+04 4.9292e+02 3.0000e+00
1.6620e+04 4.9846e+02 3.0000e+00
1.6630e+04 4.9602e+02 3.0000e+00
1.6640e+04 4.9808e+02 3.0000e+00
1.6650e+04 5.0094e+02 3.0000e+00
1.6660e+04 5.0039e+02 3.0000e+00
1.6670e+04 4.9784e+02 3.0000e+00
1.6680e+04 5.0230e+02 3.0000e+00
1.6690e+04 5.0183e+02 3.0000e+00
1.6700e+04 5.0190e+02 3.0000e+00
1.6710e+04 4.9868e+02 3.0000e+00
1.6720e+04 5.0309e+02 3.0000e+00
1.6730e+04 5.0192e+02 3.0000e+00
1.6740e+04 5.0745e+02 3.0000e+00
1.6750e+04 5.0310e+02 3.0000e+00
1.6760e+04 5.0337e+02 3.0000e+00
1.6770e+04 5.0004e+02 3.0000e+00
1.6780e+04 4.9599e+02 3.0000e+00
1.6790e+04 4.9872e+02 3.0000e+00
1.6800e+04 4.9754e+02 3.0000e+00
1.6810e+04 4.9809e+02 3.0000e+00
1.6820e+04 5.0141e+02 3.0000e+00
1.6830e+04 4.9804e+02 3.0000e+00
1.6840e+04 4.9699e+02 3.0000e+00
1.6850e+04 4.9840e+02 3.0000e+00
1.6860e+04 4.9909e+02 3.0000e+00
1.6870e+04 5.0074e+02 3.0000e+00
1.6880e+04 4.9659e+02 3.0000e+00
1.6890e+04 5.0033e+02 3.0000e+00
1.6900e+04 4.9953e+02 3.0000e+00
1.6910e+04 5.0319e+02 3.0000e+00
1.6920e+04 4.9848e+02 3.0000e+00
1.6930e+04 4.9860e+02 3.0000e+00
1.6940e+04 4.9537e+02 3.0000e+00
1.6950e+04 4.9460e+02 3.0000e+00
1.6960e+04 4.9955e+02 3.0000e+00
1.6970e+04 4.9771e+02 3.0000e+00
1.6980e+04 4.9980e+02 3.0000e+00
1.6990e+04 4.9543e+02 3.0000e+00
1.7000e+04 5.0363e+02 3.0000e+00
1.7010e+04 4.9806e+02 3.0000e+00
1.7020e+04 5.0060e+02 3.0000e+00
1.7030e+04 4.9653e+02 3.0000e+00
1.7040e+04 4.9645e+02 3.0000e+00
1.7050e+04 4.9872e+02 3.0000e+00
1.7060e+04 4.9800e+02 3.0000e+00
1.7070e+04 4.9264e+02 3.0000e+00
1.7080e+04 4.9106e+02 3.0000e+00
1.7090e+04 4.9199e+02 3.0000e+00
1.7100e+04 4.9064e+02 3.0000e+00
1.7110e+04 4.9465e+02 3.0000e+00
1.7120e+04 4.9280e+02 3.0000e+00
1.7130e+04 4.9246e+02 3.0000e+00
1.7140e+04 4.8900e+02 3.0000e+00
1.7150e+04 4.9492e+02 3.0000e+00
1.7160e+04 4.9337e+02 3.0000e+00
1.7170e+04 4.9124e+02 3.0000e+00
1.7180e+04 4.9401e+02 3.0000e+00
1.7190e+04 4.8774e+02 3.0000e+00
1.7200e+04 4.9100e+02 3.0000e+00
1.7210e+04 4.9018e+02 3.0000e+00
1.7220e+04 4.8956e+02 3.0000e+00
1.7230e+04 4.8568e+02 3.0000e+00
1.7240e+04 4.8819e+02 3.0000e+00
1.7250e+04 4.8500e+02 3.0000e+00
1.7260e+04 4.8319e+02 3.0000e+00
1.7270e+04 4.8159e+02 3.0000e+00
1.7280e+04 4.8764e+02 3.0000e+00
1.7290e+04 4.8132e+02 3.0000e+00
1.7300e+04 4.8266e+02 3.0000e+00
1.7310e+04 4.7889e+02 3.0000e+00
1.7320e+04 4.8098e+02 3.0000e+00
1.7330e+04 4.7153e+02 3.0000e+00
1.7340e+04 4.7734e+02 3.0000e+00
1.7350e+04 4.7572e+02 3.0000e+00
1.7360e+04 4.7637e+02 3.0000e+00
1.7370e+04 4.7822e+02 3.0000e+00
1.7380e+04 4.7735e+02 3.0000e+00
1.7390e+04 4.8366e+02 3.0000e+00
1.7400e+04 4.7565e+02 3.0000e+00
1.7410e+04 4.7618e+02 3.0000e+00
1.7420e+04 4.7183e+02 3.0000e+00
1.7430e+04 4.7476e+02 3.0000e+00
1.7440e+04 4.7187e+02 3.0000e+00
1.7450e+04 4.7571e+02 3.0000e+00
1.7460e+04 4.7796e+02 3.0000e+00
1.7470e+04 4.7644e+02 3.0000e+00
1.7480e+04 4.7300e+02 3.0000e+00
1.7490e+04 4.7014e+02 3.0000e+00
1.7500e+04 4.7938e+02 3.0000e+00
1.7510e+04 4.8118e+02 3.0000e+00
1.7520e+04 4.7546e+02 3.0000e+00
1.7530e+04 4.7226e+02 3.0000e+00
1.7540e+04 4.7899e+02 3.0000e+00
1.7550e+04 4.7384e+02 3.0000e+00
1.7560e+04 4.7447e+02 3.0000e+00
1.7570e+04 4.7885e+02 3.0000e+00
1.7580e+04 4.7238e+02 3.0000e+00
1.7590e+04 4.7106e+02 3.0000e+00
1.7600e+04 4.7862e+02 3.0000e+00
1.7610e+04 4.7903e+02 3.0000e+00
1.7620e+04 4.7861e+02 3.0000e+00
1.7630e+04 4.8034e+02 3.0000e+00
1.7640e+04 4.8266e+02 3.0000e+00
1.7650e+04 4.8291e+02 3.0000e+00
1.7660e+04 4.7889e+02 3.0000e+00
1.7670e+04 4.8365e+02 3.0000e+00
1.7680e+04 4.8238e+02 3.0000e+00
1.7690e+04 4.8100e+02 3.0000e+00
1.7700e+04 4.7960e+02 3.0000e+00
1.7710e+04 4.8578e+02 3.0000e+00
1.7720e+04 4.8346e+02 3.0000e+00
1.7730e+04 4.8533e+02 3.0000e+00
1.7740e+04 4.8348e+02 3.0000e+00
1.7750e+04 4.8188e+02 3.0000e+00
1.7760e+04 4.8771e+02 3.0000e+00
1.7770e+04 4.8766e+02 3.0000e+00
1.7780e+04 4.9209e+02 3.0000e+00
1.7790e+04 4.9153e+02 3.0000e+00
1.7800e+04 4.9290e+02 3.0000e+00
1.7810e+04 4.8809e+02 3.0000e+00
1.7820e+04 4.8812e+02 3.0000e+00
1.7830e+04 4.8768e+02 3.0000e+00
1.7840e+04 4.9353e+02 3.0000e+00
1.7850e+04 5.0093e+02 3.0000e+00
1.7860e+04 4.9525e+02 3.0000e+00
1.7870e+04 4.9123e+02 3.0000e+00
1.7880e+04 4.9652e+02 3.0000e+00
1.7890e+04 4.9106e+02 3.0000e+00
1.7900e+04 4.9059e+02 3.0000e+00
1.7910e+04 4.9741e+02 3.0000e+00
1.7920e+04 4.9330e+02 3.0000e+00
1.7930e+04 4.9693e+02 3.0000e+00
1.7940e+04 5.0054e+02 3.0000e+00
1.7950e+04 4.9783e+02 3.0000e+00
1.7960e+04 4.9971e+02 3.0000e+00
1.7970e+04 4.9237e+02 3.0000e+00
1.7980e+04 4.9943e+02 3.0000e+00
1.7990e+04 5.0409e+02 3.0000e+00
1.8000e+04 4.9952e+02 3.0000e+00
1.8010e+04 4.9347e+02 3.0000e+00
1.8020e+04 4.9767e+02 3.0000e+00
1.8030e+04 4.9695e+02 3.0000e+00
1.8040e+04 4.9975e+02 3.0000e+00
1.8050e+04 4.9998e+02 3.0000e+00
1.8060e+04 5.0009e+02 3.0000e+00
1.8070e+04 4.9790e+02 3.0000e+00
1.8080e+04 4.9731e+02 3.0000e+00
1.8090e+04 4.9743e+02 3.0000e+00
1.8100e+04 5.0185e+02 3.0000e+00
1.8110e+04 4.9381e+02 3.0000e+00
1.8120e+04 4.9882e+02 3.0000e+00
1.8130e+04 5.0032e+02 3.0000e+00
1.8140e+04 4.9761e+02 3.0000e+00
1.8150e+04 5.0105e+02 3.0000e+00
1.8160e+04 4.9945e+02 3.0000e+00
1.8170e+04 4.9689e+02 3.0000e+00
1.8180e+04 5.0023e+02 3.0000e+00
1.8190e+04 4.9897e+02 3.0000e+00
1.8200e+04 4.9858e+02 3.0000e+00
1.8210e+04 4.9770e+02 3.0000e+00
1.8220e+04 5.0004e+02 3.0000e+00
1.8230e+04 4.9434e+02 3.0000e+00
1.8240e+04 4.9870e+02 3.0000e+00
1.8250e+04 4.9828e+02 3.0000e+00
1.8260e+04 4.9719e+02 3.0000e+00
1.8270e+04 5.0189e+02 3.0000e+00
1.8280e+04 4.9774e+02 3.0000e+00
1.8290e+04 5.0157e+02 3.0000e+00
1.8300e+04 5.0289e+02 3.0000e+00
1.8310e+04 4.9950e+02 3.0000e+00
1.8320e+04 5.0080e+02 3.0000e+00
1.8330e+04 5.0189e+02 3.0000e+00
1.8340e+04 4.9974e+02 3.0000e+00
1.8350e+04 5.0161e+02 3.0000e+00
1.8360e+04 4.9620e+02 3.0000e+00
1.8370e+04 5.0332e+02 3.0000e+00
1.8380e+04 4.9702e+02 3.0000e+00
1.8390e+04 4.9451e+02 3.0000e+00
1.8400e+04 5.0415e+02 3.0000e+00
1.8410e+04 4.9981e+02 3.0000e+00
1.8420e+04 5.0135e+02 3.0000e+00
1.8430e+04 4.9891e+02 3.0000e+00
1.8440e+04 4.9694e+02 3.0000e+00
1.8450e+04 4.9078e+02 3.0000e+00
1.8460e+04 5.0188e+02 3.0000e+00
1.8470e+04 4.9914e+02 3.0000e+00
1.8480e+04 4.9941e+02 3.0000e+00
1.8490e+04 5.0122e+02 3.0000e+00
1.8500e+04 4.9574e+02 3.0000e+00
1.8510e+04 4.9781e+02 3.0000e+00
1.8520e+04 5.0345e+02 3.0000e+00
1.8530e+04 5.0180e+02 3.0000e+00
1.8540e+04 4.9616e+02 3.0000e+00
1.8550e+04 4.9339e+02 3.0000e+00
1.8560e+04 4.9829e+02 3.0000e+00
1.8570e+04 5.0065e+02 3.0000e+00
1.8580e+04 5.0283e+02 3.0000e+00
1.8590e+04 5.0029e+02 3.0000e+00
1.8600e+04 4.9664e+02 3.0000e+00
1.8610e+04 5.0092e+02 3.0000e+00
1.8620e+04 4.9649e+02 3.0000e+00
1.8630e+04 4.9712e+02 3.0000e+00
1.8640e+04 4.9804e+02 3.0000e+00
1.8650e+04 4.9632e+02 3.0000e+00
1.8660e+04 4.9919e+02 3.0000e+00
1.8670e+04 4.9730e+02 3.0000e+00
1.8680e+04 4.9915e+02 3.0000e+00
1.8690e+04 4.9862e+02 3.0000e+00
1.8700e+04 4.9877e+02 3.0000e+00
1.8710e+04 4.9849e+02 3.0000e+00
1.8720e+04 5.0370e+02 3.0000e+00
1.8730e+04 5.0184e+02 3.0000e+00
1.8740e+04 5.0018e+02 3.0000e+00
1.8750e+04 4.9560e+02 3.0000e+00
1.8760e+04 4.9513e+02 3.0000e+00
1.8770e+04 4.9411e+02 3.0000e+00
1.8780e+04 5.0782e+02 3.0000e+00
1.8790e+04 5.0292e+02 3.0000e+00
1.8800e+04 5.0078e+02 3.0000e+00
1.8810e+04 4.9708e+02 3.0000e+00
1.8820e+04 4.9657e+02 3.0000e+00
1.8830e+04 5.0165e+02 3.0000e+00
1.8840e+04 5.0470e+02 3.0000e+00
1.8850e+04 4.9492e+02 3.0000e+00
1.8860e+04 4.9866e+02 3.0000e+00
1.8870e+04 4.9975e+02 3.0000e+00
1.8880e+04 4.9403e+02 3.0000e+00
1.8890e+04 5.0253e+02 3.0000e+00
1.8900e+04 4.9876e+02 3.0000e+00
1.8910e+04 5.0574e+02 3.0000e+00
1.8920e+04 4.9883e+02 3.0000e+00
1.8930e+04 5.0123e+02 3.0000e+00
1.8940e+04 4.9658e+02 3.0000e+00
1.8950e+04 4.9813e+02 3.0000e+00
1.8960e+04 4.9650e+02 3.0000e+00
1.8970e+04 5.0118e+02 3.0000e+00
1.8980e+04 5.0391e+02 3.0000e+00
1.8990e+04 4.9822e+02 3.0000e+00
1.9000e+04 5.0131e+02 3.0000e+00
1.9010e+04 4.9849e+02 3.0000e+00
1.9020e+04 5.0031e+02 3.0000e+00
1.9030e+04 5.0359e+02 3.0000e+00
1.9040e+04 5.0037e+02 3.0000e+00
1.9050e+04 4.9689e+02 3.0000e+00
1.9060e+04 4.9743e+02 3.0000e+00
1.9070e+04 4.9949e+02 3.0000e+00
1.9080e+04 4.9943e+02 3.0000e+00
1.9090e+04 4.9741e+02 3.0000e+00
1.9100e+04 5.0055e+02 3.0000e+00
1.9110e+04 5.0380e+02 3.0000e+00
1.9120e+04 4.9925e+02 3.0000e+00
1.9130e+04 4.9939e+02 3.0000e+00
1.9140e+04 4.9340e+02 3.0000e+00
1.9150e+04 4.9768e+02 3.0000e+00
1.9160e+04 4.9582e+02 3.0000e+00
1.9170e+04 4.9885e+02 3.0000e+00
1.9180e+04 5.0158e+02 3.0000e+00
1.9190e+04 5.0457e+02 3.0000e+00
1.9200e+04 5.0540e+02 3.0000e+00
1.9210e+04 4.9965e+02 3.0000e+00
1.9220e+04 4.9904e+02 3.0000e+00
1.9230e+04 5.0246e+02 3.0000e+00
1.9240e+04 5.0148e+02 3.0000e+00
1.9250e+04 5.0230e+02 3.0000e+00
1.9260e+04 5.0234e+02 3.0000e+00
1.9270e+04 4.9556e+02 3.0000e+00
1.9280e+04 5.0163e+02 3.0000e+00
1.9290e+04 4.9973e+02 3.0000e+00
1.9300e+04 4.9772e+02 3.0000e+00
1.9310e+04 4.9792e+02 3.0000e+00
1.9320e+04 5.0385e+02 3.0000e+00
1.9330e+04 4.9758e+02 3.0000e+00
1.9340e+04 4.9629e+02 3.0000e+00
1.9350e+04 5.0065e+02 3.0000e+00
1.9360e+04 5.0604e+02 3.0000e+00
1.9370e+04 5.0008e+02 3.0000e+00
1.9380e+04 5.0093e+02 3.0000e+00
1.9390e+04 4.9719e+02 3.0000e+00
1.9400e+04 5.0503e+02 3.0000e+00
1.9410e+04 5.0038e+02 3.0000e+00
1.9420e+04 5.0160e+02 3.0000e+00
1.9430e+04 4.9715e+02 3.0000e+00
1.9440e+04 5.0257e+02 3.0000e+00
1.9450e+04 5.0117e+02 3.0000e+00
1.9460e+04 4.9654e+02 3.0000e+00
1.9470e+04 5.0012e+02 3.0000e+00
1.9480e+04 4.9865e+02 3.0000e+00
1.9490e+04 5.0033e+02 3.0000e+00
1.9500e+04 4.9925e+02 3.0000e+00
1.9510e+04 4.9944e+02 3.0000e+00
1.9520e+04 4.9691e+02 3.0000e+00
1.9530e+04 4.9903e+02 3.0000e+00
1.9540e+04 5.0230e+02 3.0000e+00
1.9550e+04 5.0524e+02 3.0000e+00
1.9560e+04 4.9652e+02 3.0000e+00
1.9570e+04 5.0714e+02 3.0000e+00
1.9580e+04 5.0458e+02 3.0000e+00
1.9590e+04 5.0051e+02 3.0000e+00
1.9600e+04 4.9910e+02 3.0000e+00
1.9610e+04 4.9791e+02 3.0000e+00
1.9620e+04 5.0250e+02 3.0000e+00
1.9630e+04 4.9792e+02 3.0000e+00
1.9640e+04 4.9862e+02 3.0000e+00
1.9650e+04 5.0266e+02 3.0000e+00
1.9660e+04 5.0131e+02 3.0000e+00
1.9670e+04 5.0270e+02 3.0000e+00
1.9680e+04 5.0152e+02 3.0000e+00
1.9690e+04 4.9880e+02 3.0000e+00
1.9700e+04 4.9846e+02 3.0000e+00
1.9710e+04 5.0239e+02 3.0000e+00
1.9720e+04 4.9799e+02 3.0000e+00
1.9730e+04 5.0356e+02 3.0000e+00
1.9740e+04 5.0238e+02 3.0000e+00
1.9750e+04 5.0087e+02 3.0000e+00
1.9760e+04 5.0001e+02 3.0000e+00
1.9770e+04 5.0110e+02 3.0000e+00
1.9780e+04 5.1058e+02 3.0000e+00
1.9790e+04 4.9967e+02 3.0000e+00
1.9800e+04 4.9534e+02 3.0000e+00
1.9810e+04 5.0575e+02 3.0000e+00
1.9820e+04 5.0183e+02 3.0000e+00
1.9830e+04 4.9806e+02 3.0000e+00
1.9840e+04 5.0786e+02 3.0000e+00
1.9850e+04 5.0166e+02 3.0000e+00
1.9860e+04 5.0089e+02 3.0000e+00
1.9870e+04 4.9767e+02 3.0000e+00
1.9880e+04 4.9681e+02 3.0000e+00
1.9890e+04 4.9470e+02 3.0000e+00
1.9900e+04 4.9874e+02 3.0000e+00
1.9910e+04 4.9685e+02 3.0000e+00
1.9920e+04 5.0195e+02 3.0000e+00
1.9930e+04 4.9905e+02 3.0000e+00
1.9940e+04 5.0531e+02 3.0000e+00
1.9950e+04 5.0454e+02 3.0000e+00
1.9960e+04 5.0050e+02 3.0000e+00
1.9970e+04 4.9916e+02 3.0000e+00
1.9980e+04 5.0346e+02 3.0000e+00
1.9990e+04 4.9657e+02 3.0000e+00
2.0000e+04 5.0203e+02 3.0000e+00
