1.0000e+04 1.6130e+00 3.0000e+00
1.0010e+04 5.5017e+00 3.0000e+00
1.0020e+04 -6.7765e+00 3.0000e+00
1.0030e+04 2.5865e+00 3.0000e+00
1.0040e+04 9.5630e-01 3.0000e+00
1.0050e+04 -3.9231e+00 3.0000e+00
1.0060e+04 -1.3008e+00 3.0000e+00
1.0070e+04 1.0279e+00 3.0000e+00
1.0080e+04 1.0735e+01 3.0000e+00
1.0090e+04 8.3083e+00 3.0000e+00
1.0100e+04 -4.0497e+00 3.0000e+00
1.0110e+04 9.1048e+00 3.0000e+00
1.0120e+04 2.1762e+00 3.0000e+00
1.0130e+04 -1.8916e-01 3.0000e+00
1.0140e+04 2.1442e+00 3.0000e+00
1.0150e+04 -6.1490e-01 3.0000e+00
1.0160e+04 -3.7243e-01 3.0000e+00
1.0170e+04 4.4691e+00 3.0000e+00
1.0180e+04 4.2271e+00 3.0000e+00
1.0190e+04 4.2516e+00 3.0000e+00
1.0200e+04 2.0145e+00 3.0000e+00
1.0210e+04 -3.6225e+00 3.0000e+00
1.0220e+04 2.1517e+00 3.0000e+00
1.0230e+04 4.8907e+00 3.0000e+00
1.0240e+04 1.4667e+00 3.0000e+00
1.0250e+04 3.1041e+00 3.0000e+00
1.0260e+04 2.1807e+00 3.0000e+00
1.0270e+04 -9.1032e-01 3.0000e+00
1.0280e+04 8.8161e-01 3.0000e+00
1.0290e+04 -2.3618e+00 3.0000e+00
1.0300e+04 2.6652e+00 3.0000e+00
1.0310e+04 -3.4412e+00 3.0000e+00
1.0320e+04 -3.2066e+00 3.0000e+00
1.0330e+04 -2.4285e+00 3.0000e+00
1.0340e+04 -8.8329e+00 3.0000e+00
1.0350e+04 4.3151e+00 3.0000e+00
1.0360e+04 9.7557e-01 3.0000e+00
1.0370e+04 -2.2648e+00 3.0000e+00
1.0380e+04 4.1109e+00 3.0000e+00
1.0390e+04 -5.1345e+00 3.0000e+00
1.0400e+04 -3.0673e-01 3.0000e+00
1.0410e+04 -7.2434e-01 3.0000e+00
1.0420e+04 9.5762e-01 3.0000e+00
1.0430e+04 9.3858e-01 3.0000e+00
1.0440e+04 -2.5946e+00 3.0000e+00
1.0450e+04 -9.0154e-02 3.0000e+00
1.0460e+04 -4.9464e-01 3.0000e+00
1.0470e+04 1.8831e+00 3.0000e+00
1.0480e+04 3.2798e+00 3.0000e+00
1.0490e+04 3.3278e+00 3.0000e+00
1.0500e+04 -2.5910e+00 3.0000e+00
1.0510e+04 2.3208e-01 3.0000e+00
1.0520e+04 -3.6424e+00 3.0000e+00
1.0530e+04 -3.3405e+00 3.0000e+00
1.0540e+04 -2.0548e-02 3.0000e+00
1.0550e+04 4.5979e+00 3.0000e+00
1.0560e+04 -2.3090e+00 3.0000e+00
1.0570e+04 1.1141e+00 3.0000e+00
1.0580e+04 -6.7675e-01 3.0000e+00
1.0590e+04 3.3521e+00 3.0000e+00
1.0600e+04 -3.2672e+00 3.0000e+00
1.0610e+04 9.7672e-02 3.0000e+00
1.0620e+04 1.6576e+00 3.0000e+00
1.0630e+04 3.3018e+00 3.0000e+00
1.0640e+04 4.6326e+00 3.0000e+00
1.0650e+04 2.5779e-01 3.0000e+00
1.0660e+04 -4.4748e+00 3.0000e+00
1.0670e+04 -2.2269e+00 3.0000e+00
1.0680e+04 -3.1847e+00 3.0000e+00
1.0690e+04 7.0514e+00 3.0000e+00
1.0700e+04 -1.8468e+00 3.0000e+00
1.0710e+04 2.2442e+00 3.0000e+00
1.0720e+04 -5.7726e-01 3.0000e+00
1.0730e+04 2.6658e+00 3.0000e+00
1.0740e+04 -2.2945e+00 3.0000e+00
1.0750e+04 -4.2068e+00 3.0000e+00
1.0760e+04 -4.2671e+00 3.0000e+00
1.0770e+04 1.4646e+00 3.0000e+00
1.0780e+04 -5.3213e-01 3.0000e+00
1.0790e+04 -5.8816e-01 3.0000e+00
1.0800e+04 4.2579e+00 3.0000e+00
1.0810e+04 8.7475e-01 3.0000e+00
1.0820e+04 5.9343e-01 3.0000e+00
1.0830e+04 4.7631e+00 3.0000e+00
1.0840e+04 -2.4134e+00 3.0000e+00
1.0850e+04 2.0899e+00 3.0000e+00
1.0860e+04 2.5053e+00 3.0000e+00
1.0870e+04 -7.3115e-01 3.0000e+00
1.0880e+04 6.4701e-01 3.0000e+00
1.0890e+04 -3.4975e+00 3.0000e+00
1.0900e+04 -3.4439e+00 3.0000e+00
1.0910e+04 3.1462e-01 3.0000e+00
1.0920e+04 2.1668e+00 3.0000e+00
1.0930e+04 7.7565e+00 3.0000e+00
1.0940e+04 -2.0007e+00 3.0000e+00
1.0950e+04 5.6199e-01 3.0000e+00
1.0960e+04 -2.4748e-01 3.0000e+00
1.0970e+04 -5.7991e+00 3.0000e+00
1.0980e+04 -1.3169e+00 3.0000e+00
1.0990e+04 -5.3840e+00 3.0000e+00
1.1000e+04 2.5211e+00 3.0000e+00
1.1010e+04 -2.6641e+00 3.0000e+00
1.1020e+04 3.0028e-01 3.0000e+00
1.1030e+04 -1.6336e+00 3.0000e+00
1.1040e+04 9.1056e-01 3.0000e+00
1.1050e+04 -1.8010e+00 3.0000e+00
1.1060e+04 1.4699e+00 3.0000e+00
1.1070e+04 2.2181e+00 3.0000e+00
1.1080e+04 5.1357e+00 3.0000e+00
1.1090e+04 -5.8237e-01 3.0000e+00
1.1100e+04 -6.4151e+00 3.0000e+00
1.1110e+04 -2.5188e+00 3.0000e+00
1.1120e+04 4.0638e+00 3.0000e+00
1.1130e+04 -3.2165e+00 3.0000e+00
1.1140e+04 2.8829e+00 3.0000e+00
1.1150e+04 3.7215e-01 3.0000e+00
1.1160e+04 4.3101e+00 3.0000e+00
1.1170e+04 -5.8827e+00 3.0000e+00
1.1180e+04 -5.9309e-01 3.0000e+00
1.1190e+04 -3.6235e+00 3.0000e+00
1.1200e+04 8.7240e+00 3.0000e+00
1.1210e+04 2.4757e+00 3.0000e+00
1.1220e+04 4.1369e+00 3.0000e+00
1.1230e+04 -3.1745e+00 3.0000e+00
1.1240e+04 -1.4058e+00 3.0000e+00
1.1250e+04 -8.1741e-01 3.0000e+00
1.1260e+04 3.2953e+00 3.0000e+00
1.1270e+04 -8.3362e-01 3.0000e+00
1.1280e+04 2.1046e+00 3.0000e+00
1.1290e+04 -6.1554e+00 3.0000e+00
1.1300e+04 -1.0615e+00 3.0000e+00
1.1310e+04 -2.4708e+00 3.0000e+00
1.1320e+04 -4.7312e+00 3.0000e+00
1.1330e+04 1.5239e+00 3.0000e+00
1.1340e+04 8.4595e-01 3.0000e+00
1.1350e+04 1.0044e-01 3.0000e+00
1.1360e+04 -4.0010e+00 3.0000e+00
1.1370e+04 3.3825e+00 3.0000e+00
1.1380e+04 1.0505e+00 3.0000e+00
1.1390e+04 -8.9720e-01 3.0000e+00
1.1400e+04 6.8669e-02 3.0000e+00
1.1410e+04 -7.8599e-01 3.0000e+00
1.1420e+04 -5.2506e+00 3.0000e+00
1.1430e+04 -8.5695e-01 3.0000e+00
1.1440e+04 -2.4941e+00 3.0000e+00
1.1450e+04 -2.9376e+00 3.0000e+00
1.1460e+04 -3.4692e+00 3.0000e+00
1.1470e+04 -1.6007e+00 3.0000e+00
1.1480e+04 -6.0079e+00 3.0000e+00
1.1490e+04 2.8927e+00 3.0000e+00
1.1500e+04 1.5602e+00 3.0000e+00
1.1510e+04 -6.0084e-02 3.0000e+00
1.1520e+04 -1.0431e-01 3.0000e+00
1.1530e+04 -2.3945e+00 3.0000e+00
1.1540e+04 3.0561e+00 3.0000e+00
1.1550e+04 -3.9965e-01 3.0000e+00
1.1560e+04 -2.1436e+00 3.0000e+00
1.1570e+04 4.0542e+00 3.0000e+00
1.1580e+04 -6.7431e-01 3.0000e+00
1.1590e+04 -1.7671e+00 3.0000e+00
1.1600e+04 -8.8126e-01 3.0000e+00
1.1610e+04 -2.5438e+00 3.0000e+00
1.1620e+04 -3.3604e+00 3.0000e+00
1.1630e+04 7.5780e+00 3.0000e+00
1.1640e+04 4.9665e+00 3.0000e+00
1.1650e+04 9.2261e-01 3.0000e+00
1.1660e+04 -3.7714e+00 3.0000e+00
1.1670e+04 -2.5964e+00 3.0000e+00
1.1680e+04 -5.2960e-01 3.0000e+00
1.1690e+04 2.3742e+00 3.0000e+00
1.1700e+04 -3.9960e+00 3.0000e+00
1.1710e+04 -6.9896e+00 3.0000e+00
1.1720e+04 -4.3473e+00 3.0000e+00
1.1730e+04 1.0005e+00 3.0000e+00
1.1740e+04 1.1741e+00 3.0000e+00
1.1750e+04 1.3550e+00 3.0000e+00
1.1760e+04 -3.9085e-01 3.0000e+00
1.1770e+04 5.5107e-01 3.0000e+00
1.1780e+04 -1.4285e+00 3.0000e+00
1.1790e+04 2.5861e+00 3.0000e+00
1.1800e+04 -4.0851e+00 3.0000e+00
1.1810e+04 1.3651e+00 3.0000e+00
1.1820e+04 -2.5461e+00 3.0000e+00
1.1830e+04 -1.0047e+00 3.0000e+00
1.1840e+04 1.6584e+00 3.0000e+00
1.1850e+04 3.1173e+00 3.0000e+00
1.1860e+04 -3.3529e+00 3.0000e+00
1.1870e+04 3.7820e+00 3.0000e+00
1.1880e+04 1.9804e+00 3.0000e+00
1.1890e+04 -2.0360e-01 3.0000e+00
1.1900e+04 -5.8566e-01 3.0000e+00
1.1910e+04 -6.5282e-01 3.0000e+00
1.1920e+04 -9.0932e-01 3.0000e+00
1.1930e+04 6.9137e-02 3.0000e+00
1.1940e+04 1.5387e-01 3.0000e+00
1.1950e+04 2.4782e+00 3.0000e+00
1.1960e+04 4.5809e+00 3.0000e+00
1.1970e+04 1.4007e+00 3.0000e+00
1.1980e+04 -6.2914e-01 3.0000e+00
1.1990e+04 1.8756e+00 3.0000e+00
1.2000e+04 5.4968e-01 3.0000e+00
1.2010e+04 -3.0893e+00 3.0000e+00
1.2020e+04 2.8477e+00 3.0000e+00
1.2030e+04 9.2119e-01 3.0000e+00
1.2040e+04 4.0552e-01 3.0000e+00
1.2050e+04 1.5457e+00 3.0000e+00
1.2060e+04 7.8422e-01 3.0000e+00
1.2070e+04 -2.8245e+00 3.0000e+00
1.2080e+04 -4.8701e-01 3.0000e+00
1.2090e+04 -4.3816e-01 3.0000e+00
1.2100e+04 -1.5960e+00 3.0000e+00
1.2110e+04 5.0463e+00 3.0000e+00
1.2120e+04 -2.6272e+00 3.0000e+00
1.2130e+04 -1.4514e+00 3.0000e+00
1.2140e+04 -2.1360e+00 3.0000e+00
1.2150e+04 -3.5226e+00 3.0000e+00
1.2160e+04 -5.7672e-01 3.0000e+00
1.2170e+04 -8.2221e-01 3.0000e+00
1.2180e+04 4.5902e+00 3.0000e+00
1.2190e+04 -7.4707e-01 3.0000e+00
1.2200e+04 -3.1926e+00 3.0000e+00
1.2210e+04 4.8104e+00 3.0000e+00
1.2220e+04 3.7040e+00 3.0000e+00
1.2230e+04 -6.8888e-01 3.0000e+00
1.2240e+04 -4.5185e+00 3.0000e+00
1.2250e+04 -1.3339e+00 3.0000e+00
1.2260e+04 -4.6782e-01 3.0000e+00
1.2270e+04 8.2820e-01 3.0000e+00
1.2280e+04 -7.8349e-01 3.0000e+00
1.2290e+04 1.3303e+00 3.0000e+00
1.2300e+04 1.1757e+00 3.0000e+00
1.2310e+04 -3.7520e+00 3.0000e+00
1.2320e+04 -2.8439e+00 3.0000e+00
1.2330e+04 -2.2233e+00 3.0000e+00
1.2340e+04 -1.5235e+00 3.0000e+00
1.2350e+04 -9.6173e-01 3.0000e+00
1.2360e+04 3.7407e-02 3.0000e+00
1.2370e+04 -9.0875e+00 3.0000e+00
1.2380e+04 -1.3710e+00 3.0000e+00
1.2390e+04 3.7273e+00 3.0000e+00
1.2400e+04 -3.2001e+00 3.0000e+00
1.2410e+04 2.8012e+00 3.0000e+00
1.2420e+04 1.0510e+00 3.0000e+00
1.2430e+04 -8.7017e-02 3.0000e+00
1.2440e+04 5.4736e-01 3.0000e+00
1.2450e+04 -4.6952e+00 3.0000e+00
1.2460e+04 -2.5362e-01 3.0000e+00
1.2470e+04 4.8118e+00 3.0000e+00
1.2480e+04 2.9504e-01 3.0000e+00
1.2490e+04 1.2412e-01 3.0000e+00
1.2500e+04 -2.2025e+00 3.0000e+00
1.2510e+04 -9.2441e-02 3.0000e+00
1.2520e+04 6.9704e-01 3.0000e+00
1.2530e+04 1.2792e+00 3.0000e+00
1.2540e+04 -1.1184e+00 3.0000e+00
1.2550e+04 -7.0936e-01 3.0000e+00
1.2560e+04 6.0711e+00 3.0000e+00
1.2570e+04 -6.7751e+00 3.0000e+00
1.2580e+04 6.6883e+00 3.0000e+00
1.2590e+04 1.0127e+00 3.0000e+00
1.2600e+04 3.0002e+00 3.0000e+00
1.2610e+04 -4.9925e+00 3.0000e+00
1.2620e+04 -1.7701e+00 3.0000e+00
1.2630e+04 -8.3419e-01 3.0000e+00
1.2640e+04 1.2681e+00 3.0000e+00
1.2650e+04 -5.0106e+00 3.0000e+00
1.2660e+04 1.4149e+00 3.0000e+00
1.2670e+04 -3.6385e+00 3.0000e+00
1.2680e+04 1.9857e-01 3.0000e+00
1.2690e+04 1.9571e+00 3.0000e+00
1.2700e+04 9.8118e-01 3.0000e+00
1.2710e+04 3.2479e+00 3.0000e+00
1.2720e+04 3.0182e+00 3.0000e+00
1.2730e+04 -1.9527e+00 3.0000e+00
1.2740e+04 7.7117e-01 3.0000e+00
1.2750e+04 -2.8331e+00 3.0000e+00
1.2760e+04 -3.9654e+00 3.0000e+00
1.2770e+04 2.7745e+00 3.0000e+00
1.2780e+04 1.4955e-04 3.0000e+00
1.2790e+04 -1.6476e-01 3.0000e+00
1.2800e+04 2.7334e+00 3.0000e+00
1.2810e+04 1.7838e+00 3.0000e+00
1.2820e+04 1.0506e+00 3.0000e+00
1.2830e+04 3.7508e+00 3.0000e+00
1.2840e+04 2.7894e+00 3.0000e+00
1.2850e+04 7.1929e-01 3.0000e+00
1.2860e+04 -2.0711e+00 3.0000e+00
1.2870e+04 -1.9547e+00 3.0000e+00
1.2880e+04 3.5763e+00 3.0000e+00
1.2890e+04 -4.8355e+00 3.0000e+00
1.2900e+04 -7.3386e-02 3.0000e+00
1.2910e+04 -5.8465e+00 3.0000e+00
1.2920e+04 3.0615e+00 3.0000e+00
1.2930e+04 2.5851e+00 3.0000e+00
1.2940e+04 3.4863e-03 3.0000e+00
1.2950e+04 -2.1251e-01 3.0000e+00
1.2960e+04 -7.4589e+00 3.0000e+00
1.2970e+04 1.7435e+00 3.0000e+00
1.2980e+04 -6.5773e+00 3.0000e+00
1.2990e+04 -6.9578e+00 3.0000e+00
1.3000e+04 2.3980e-01 3.0000e+00
1.3010e+04 -2.8454e+00 3.0000e+00
1.3020e+04 1.2345e+00 3.0000e+00
1.3030e+04 2.0309e+00 3.0000e+00
1.3040e+04 2.5732e+00 3.0000e+00
1.3050e+04 -2.0735e+00 3.0000e+00
1.3060e+04 1.3481e+00 3.0000e+00
1.3070e+04 3.0190e-01 3.0000e+00
1.3080e+04 2.4782e+00 3.0000e+00
1.3090e+04 1.6085e+00 3.0000e+00
1.3100e+04 2.6937e+00 3.0000e+00
1.3110e+04 -3.9581e-01 3.0000e+00
1.3120e+04 -4.4160e-01 3.0000e+00
1.3130e+04 3.0233e+00 3.0000e+00
1.3140e+04 -6.3710e+00 3.0000e+00
1.3150e+04 -1.5138e+00 3.0000e+00
1.3160e+04 -3.8118e+00 3.0000e+00
1.3170e+04 -1.1478e+00 3.0000e+00
1.3180e+04 1.9460e+00 3.0000e+00
1.3190e+04 2.4772e+00 3.0000e+00
1.3200e+04 -3.0448e+00 3.0000e+00
1.3210e+04 -1.4132e+00 3.0000e+00
1.3220e+04 4.1107e-01 3.0000e+00
1.3230e+04 -8.7559e-01 3.0000e+00
1.3240e+04 9.0546e-01 3.0000e+00
1.3250e+04 1.1998e+00 3.0000e+00
1.3260e+04 -2.7899e+00 3.0000e+00
1.3270e+04 -5.3049e-01 3.0000e+00
1.3280e+04 -6.3963e+00 3.0000e+00
1.3290e+04 3.4361e+00 3.0000e+00
1.3300e+04 -1.8873e+00 3.0000e+00
1.3310e+04 -3.6115e+00 3.0000e+00
1.3320e+04 -7.6183e-01 3.0000e+00
1.3330e+04 -4.2859e+00 3.0000e+00
1.3340e+04 -6.2573e-02 3.0000e+00
1.3350e+04 -1.6820e+00 3.0000e+00
1.3360e+04 6.5333e+00 3.0000e+00
1.3370e+04 3.4154e+00 3.0000e+00
1.3380e+04 -7.4907e+00 3.0000e+00
1.3390e+04 1.3240e+00 3.0000e+00
1.3400e+04 -4.1944e+00 3.0000e+00
1.3410e+04 -7.6517e-01 3.0000e+00
1.3420e+04 4.9321e-01 3.0000e+00
1.3430e+04 2.2432e+00 3.0000e+00
1.3440e+04 -8.1914e-01 3.0000e+00
1.3450e+04 4.7289e+00 3.0000e+00
1.3460e+04 -1.4428e+00 3.0000e+00
1.3470e+04 9.8254e-01 3.0000e+00
1.3480e+04 1.9942e+00 3.0000e+00
1.3490e+04 2.5557e-01 3.0000e+00
1.3500e+04 2.6429e+00 3.0000e+00
1.3510e+04 9.6964e-01 3.0000e+00
1.3520e+04 -2.3524e+00 3.0000e+00
1.3530e+04 -5.4161e+00 3.0000e+00
1.3540e+04 5.5758e+00 3.0000e+00
1.3550e+04 -1.8136e+00 3.0000e+00
1.3560e+04 3.1008e-01 3.0000e+00
1.3570e+04 1.6895e+00 3.0000e+00
1.3580e+04 3.4079e-01 3.0000e+00
1.3590e+04 -2.7142e+00 3.0000e+00
1.3600e+04 -1.4031e+00 3.0000e+00
1.3610e+04 -3.7467e-01 3.0000e+00
1.3620e+04 4.4369e+00 3.0000e+00
1.3630e+04 -2.5824e+00 3.0000e+00
1.3640e+04 2.3540e+00 3.0000e+00
1.3650e+04 9.2587e-01 3.0000e+00
1.3660e+04 -7.0158e-01 3.0000e+00
1.3670e+04 -3.1709e+00 3.0000e+00
1.3680e+04 -8.5242e-01 3.0000e+00
1.3690e+04 -2.6007e-01 3.0000e+00
1.3700e+04 -4.4082e+00 3.0000e+00
1.3710e+04 5.7655e-01 3.0000e+00
1.3720e+04 -2.4669e+00 3.0000e+00
1.3730e+04 -2.8272e-01 3.0000e+00
1.3740e+04 1.0086e+00 3.0000e+00
1.3750e+04 -2.7140e+00 3.0000e+00
1.3760e+04 -8.6477e-01 3.0000e+00
1.3770e+04 1.0502e+00 3.0000e+00
1.3780e+04 -5.5076e+00 3.0000e+00
1.3790e+04 3.1079e+00 3.0000e+00
1.3800e+04 7.2734e+00 3.0000e+00
1.3810e+04 2.8782e+00 3.0000e+00
1.3820e+04 -9.4732e-01 3.0000e+00
1.3830e+04 1.2859e+00 3.0000e+00
1.3840e+04 -3.1080e+00 3.0000e+00
1.3850e+04 5.6336e+00 3.0000e+00
1.3860e+04 2.8221e+00 3.0000e+00
1.3870e+04 2.3620e+00 3.0000e+00
1.3880e+04 -2.6276e+00 3.0000e+00
1.3890e+04 9.5985e-01 3.0000e+00
1.3900e+04 -1.6749e+00 3.0000e+00
1.3910e+04 -9.3429e-01 3.0000e+00
1.3920e+04 -1.7100e+00 3.0000e+00
1.3930e+04 -3.0772e+00 3.0000e+00
1.3940e+04 -2.7262e+00 3.0000e+00
1.3950e+04 -6.2969e-01 3.0000e+00
1.3960e+04 -5.0966e+00 3.0000e+00
1.3970e+04 1.8228e+00 3.0000e+00
1.3980e+04 -3.5339e-01 3.0000e+00
1.3990e+04 2.0975e+00 3.0000e+00
1.4000e+04 8.0895e-01 3.0000e+00
1.4010e+04 1.4829e+00 3.0000e+00
1.4020e+04 -4.4494e+00 3.0000e+00
1.4030e+04 -3.0608e+00 3.0000e+00
1.4040e+04 -1.3410e+00 3.0000e+00
1.4050e+04 3.2898e-01 3.0000e+00
1.4060e+04 3.3862e+00 3.0000e+00
1.4070e+04 -8.6989e-01 3.0000e+00
1.4080e+04 3.7847e+00 3.0000e+00
1.4090e+04 1.4263e+00 3.0000e+00
1.4100e+04 3.5224e+00 3.0000e+00
1.4110e+04 3.8084e-01 3.0000e+00
1.4120e+04 -1.9704e+00 3.0000e+00
1.4130e+04 -4.4442e+00 3.0000e+00
1.4140e+04 4.6647e-01 3.0000e+00
1.4150e+04 2.4557e+00 3.0000e+00
1.4160e+04 -8.7776e-01 3.0000e+00
1.4170e+04 -1.6224e+00 3.0000e+00
1.4180e+04 -9.2593e-01 3.0000e+00
1.4190e+04 -3.2898e+00 3.0000e+00
1.4200e+04 -1.4790e+00 3.0000e+00
1.4210e+04 -5.4222e-01 3.0000e+00
1.4220e+04 1.3752e-01 3.0000e+00
1.4230e+04 -1.9135e-01 3.0000e+00
1.4240e+04 1.8340e+00 3.0000e+00
1.4250e+04 3.2795e-01 3.0000e+00
1.4260e+04 5.4420e+00 3.0000e+00
1.4270e+04 9.3607e-01 3.0000e+00
1.4280e+04 5.4135e+00 3.0000e+00
1.4290e+04 -2.1694e+00 3.0000e+00
1.4300e+04 1.5796e+00 3.0000e+00
1.4310e+04 -7.8075e-01 3.0000e+00
1.4320e+04 1.8004e+00 3.0000e+00
1.4330e+04 1.7818e+00 3.0000e+00
1.4340e+04 -6.5581e+00 3.0000e+00
1.4350e+04 -3.9811e+00 3.0000e+00
1.4360e+04 -4.3230e+00 3.0000e+00
1.4370e+04 1.2055e+00 3.0000e+00
1.4380e+04 4.4106e+00 3.0000e+00
1.4390e+04 -9.8046e-01 3.0000e+00
1.4400e+04 2.4369e+00 3.0000e+00
1.4410e+04 1.6366e+00 3.0000e+00
1.4420e+04 -3.1550e+00 3.0000e+00
1.4430e+04 1.1923e+00 3.0000e+00
1.4440e+04 -2.2558e+00 3.0000e+00
1.4450e+04 4.5485e+00 3.0000e+00
1.4460e+04 -9.8093e-02 3.0000e+00
1.4470e+04 4.9074e+00 3.0000e+00
1.4480e+04 -1.2761e+00 3.0000e+00
1.4490e+04 1.7669e+00 3.0000e+00
1.4500e+04 -1.9048e-01 3.0000e+00
1.4510e+04 -6.0690e+00 3.0000e+00
1.4520e+04 -2.9510e+00 3.0000e+00
1.4530e+04 1.8307e+00 3.0000e+00
1.4540e+04 -1.7457e-01 3.0000e+00
1.4550e+04 -3.3705e+00 3.0000e+00
1.4560e+04 -1.8996e+00 3.0000e+00
1.4570e+04 7.1947e-01 3.0000e+00
1.4580e+04 -3.0200e+00 3.0000e+00
1.4590e+04 2.8676e+00 3.0000e+00
1.4600e+04 -2.0015e+00 3.0000e+00
1.4610e+04 5.3175e+00 3.0000e+00
1.4620e+04 -3.3884e+00 3.0000e+00
1.4630e+04 3.9619e-01 3.0000e+00
1.4640e+04 -4.8334e+00 3.0000e+00
1.4650e+04 -2.5307e+00 3.0000e+00
1.4660e+04 -2.2549e+00 3.0000e+00
1.4670e+04 5.8157e-01 3.0000e+00
1.4680e+04 2.0176e+00 3.0000e+00
1.4690e+04 -1.4111e-01 3.0000e+00
1.4700e+04 -2.4523e+00 3.0000e+00
1.4710e+04 7.5569e-01 3.0000e+00
1.4720e+04 2.6940e-01 3.0000e+00
1.4730e+04 -2.2943e+00 3.0000e+00
1.4740e+04 -1.5731e+00 3.0000e+00
1.4750e+04 -2.7981e+00 3.0000e+00
1.4760e+04 -7.8781e+00 3.0000e+00
1.4770e+04 -3.6634e+00 3.0000e+00
1.4780e+04 -9.0945e+00 3.0000e+00
1.4790e+04 -1.0281e+01 3.0000e+00
1.4800e+04 -9.4595e+00 3.0000e+00
1.4810e+04 -1.2612e+01 3.0000e+00
1.4820e+04 -1.3963e+01 3.0000e+00
1.4830e+04 -1.3835e+01 3.0000e+00
1.4840e+04 -1.4700e+01 3.0000e+00
1.4850e+04 -2.0807e+01 3.0000e+00
1.4860e+04 -2.1733e+01 3.0000e+00
1.4870e+04 -2.6040e+01 3.0000e+00
1.4880e+04 -2.7317e+01 3.0000e+00
1.4890e+04 -2.9403e+01 3.0000e+00
1.4900e+04 -3.5284e+01 3.0000e+00
1.4910e+04 -3.5266e+01 3.0000e+00
1.4920e+04 -3.6843e+01 3.0000e+00
1.4930e+04 -4.0775e+01 3.0000e+00
1.4940e+04 -3.8067e+01 3.0000e+00
1.4950e+04 -4.7040e+01 3.0000e+00
1.4960e+04 -4.9093e+01 3.0000e+00
1.4970e+04 -5.3471e+01 3.0000e+00
1.4980e+04 -4.6470e+01 3.0000e+00
1.4990e+04 -4.7198e+01 3.0000e+00
1.5000e+04 -5.0240e+01 3.0000e+00
1.5010e+04 -4.7104e+01 3.0000e+00
1.5020e+04 -4.8651e+01 3.0000e+00
1.5030e+04 -4.7350e+01 3.0000e+00
1.5040e+04 -4.6544e+01 3.0000e+00
1.5050e+04 -4.3896e+01 3.0000e+00
1.5060e+04 -4.2954e+01 3.0000e+00
1.5070e+04 -3.2693e+01 3.0000e+00
1.5080e+04 -4.2152e+01 3.0000e+00
1.5090e+04 -4.1660e+01 3.0000e+00
1.5100e+04 -3.6864e+01 3.0000e+00
1.5110e+04 -3.4014e+01 3.0000e+00
1.5120e+04 -2.9319e+01 3.0000e+00
1.5130e+04 -2.5844e+01 3.0000e+00
1.5140e+04 -2.3388e+01 3.0000e+00
1.5150e+04 -1.8606e+01 3.0000e+00
1.5160e+04 -1.6692e+01 3.0000e+00
1.5170e+04 -1.3387e+01 3.0000e+00
1.5180e+04 -8.2530e+00 3.0000e+00
1.5190e+04 -8.0407e+00 3.0000e+00
1.5200e+04 -1.3861e+01 3.0000e+00
1.5210e+04 -1.5477e+01 3.0000e+00
1.5220e+04 -4.4365e+00 3.0000e+00
1.5230e+04 -1.1468e+01 3.0000e+00
1.5240e+04 -4.7344e+00 3.0000e+00
1.5250e+04 -3.9462e+00 3.0000e+00
1.5260e+04 3.3799e+00 3.0000e+00
1.5270e+04 -2.8760e+00 3.0000e+00
1.5280e+04 -3.6612e+00 3.0000e+00
1.5290e+04 -9.9392e-01 3.0000e+00
1.5300e+04 -6.0487e-01 3.0000e+00
1.5310e+04 -8.4040e-01 3.0000e+00
1.5320e+04 -2.6414e+00 3.0000e+00
1.5330e+04 -4.2960e+00 3.0000e+00
1.5340e+04 4.6954e-01 3.0000e+00
1.5350e+04 -4.3924e+00 3.0000e+00
1.5360e+04 -3.3701e+00 3.0000e+00
1.5370e+04 3.7896e+00 3.0000e+00
1.5380e+04 -1.4077e+00 3.0000e+00
1.5390e+04 -5.3176e-01 3.0000e+00
1.5400e+04 2.6188e+00 3.0000e+00
1.5410e+04 -9.5861e-01 3.0000e+00
1.5420e+04 3.0463e+00 3.0000e+00
1.5430e+04 -1.0649e+00 3.0000e+00
1.5440e+04 3.0175e+00 3.0000e+00
1.5450e+04 1.8734e+00 3.0000e+00
1.5460e+04 -6.4921e-01 3.0000e+00
1.5470e+04 -2.6041e+00 3.0000e+00
1.5480e+04 -3.1341e+00 3.0000e+00
1.5490e+04 -8.1344e-01 3.0000e+00
1.5500e+04 -1.3166e+00 3.0000e+00
1.5510e+04 -1.2275e+00 3.0000e+00
1.5520e+04 2.9497e+00 3.0000e+00
1.5530e+04 -8.9372e-01 3.0000e+00
1.5540e+04 3.4306e+00 3.0000e+00
1.5550e+04 -1.5951e+00 3.0000e+00
1.5560e+04 2.9175e+00 3.0000e+00
1.5570e+04 -1.5669e+00 3.0000e+00
1.5580e+04 5.2967e-01 3.0000e+00
1.5590e+04 2.9122e+00 3.0000e+00
1.5600e+04 -1.2419e+00 3.0000e+00
1.5610e+04 -1.3148e+00 3.0000e+00
1.5620e+04 6.0102e+00 3.0000e+00
1.5630e+04 2.8530e+00 3.0000e+00
1.5640e+04 -1.2960e+00 3.0000e+00
1.5650e+04 1.9468e+00 3.0000e+00
1.5660e+04 -1.0802e+00 3.0000e+00
1.5670e+04 2.1177e+00 3.0000e+00
1.5680e+04 4.2475e+00 3.0000e+00
1.5690e+04 -4.8135e+00 3.0000e+00
1.5700e+04 3.0866e+00 3.0000e+00
1.5710e+04 4.3739e+00 3.0000e+00
1.5720e+04 1.4241e-01 3.0000e+00
1.5730e+04 5.2388e+00 3.0000e+00
1.5740e+04 4.6616e-01 3.0000e+00
1.5750e+04 -3.7114e+00 3.0000e+00
1.5760e+04 -6.5805e+00 3.0000e+00
1.5770e+04 -1.0002e+00 3.0000e+00
1.5780e+04 2.1406e+00 3.0000e+00
1.5790e+04 9.5222e-01 3.0000e+00
1.5800e+04 1.2408e+00 3.0000e+00
1.5810e+04 -1.7313e+00 3.0000e+00
1.5820e+04 4.3201e-01 3.0000e+00
1.5830e+04 -4.9160e+00 3.0000e+00
1.5840e+04 -2.2803e+00 3.0000e+00
1.5850e+04 -2.4564e+00 3.0000e+00
1.5860e+04 1.5592e+00 3.0000e+00
1.5870e+04 -4.2480e-02 3.0000e+00
1.5880e+04 -3.4666e+00 3.0000e+00
1.5890e+04 -2.8575e-02 3.0000e+00
1.5900e+04 -2.0694e+00 3.0000e+00
1.5910e+04 -2.0001e+00 3.0000e+00
1.5920e+04 2.5924e+00 3.0000e+00
1.5930e+04 3.4026e-01 3.0000e+00
1.5940e+04 1.1951e+00 3.0000e+00
1.5950e+04 2.6519e+00 3.0000e+00
1.5960e+04 5.4077e-01 3.0000e+00
1.5970e+04 1.6526e+00 3.0000e+00
1.5980e+04 2.0489e+00 3.0000e+00
1.5990e+04 3.5118e+00 3.0000e+00
1.6000e+04 1.4276e+00 3.0000e+00
1.6010e+04 4.2367e+00 3.0000e+00
1.6020e+04 6.7825e-02 3.0000e+00
1.6030e+04 -1.4361e-01 3.0000e+00
1.6040e+04 5.1040e+00 3.0000e+00
1.6050e+04 -1.5291e+00 3.0000e+00
1.6060e+04 -8.5649e-03 3.0000e+00
1.6070e+04 2.7596e+00 3.0000e+00
1.6080e+04 4.4943e-01 3.0000e+00
1.6090e+04 4.2148e+00 3.0000e+00
1.6100e+04 3.1024e+00 3.0000e+00
1.6110e+04 8.7471e-01 3.0000e+00
1.6120e+04 -2.3331e+00 3.0000e+00
1.6130e+04 1.7001e+00 3.0000e+00
1.6140e+04 -4.1479e+00 3.0000e+00
1.6150e+04 7.3342e-01 3.0000e+00
1.6160e+04 2.4253e+00 3.0000e+00
1.6170e+04 6.3912e-01 3.0000e+00
1.6180e+04 2.6390e+00 3.0000e+00
1.6190e+04 6.1166e+00 3.0000e+00
1.6200e+04 2.7718e+00 3.0000e+00
1.6210e+04 8.0075e-01 3.0000e+00
1.6220e+04 1.9250e+00 3.0000e+00
1.6230e+04 1.2765e+00 3.0000e+00
1.6240e+04 -3.9442e+00 3.0000e+00
1.6250e+04 -1.2492e+00 3.0000e+00
1.6260e+04 3.6741e+00 3.0000e+00
1.6270e+04 -1.3076e-01 3.0000e+00
1.6280e+04 1.7473e+00 3.0000e+00
1.6290e+04 -3.0195e+00 3.0000e+00
1.6300e+04 1.9353e-01 3.0000e+00
1.6310e+04 1.8009e+00 3.0000e+00
1.6320e+04 -4.0846e+00 3.0000e+00
1.6330e+04 1.0427e+00 3.0000e+00
1.6340e+04 -5.4557e-01 3.0000e+00
1.6350e+04 -2.8187e+00 3.0000e+00
1.6360e+04 -1.1266e-01 3.0000e+00
1.6370e+04 -5.6890e+00 3.0000e+00
1.6380e+04 -6.3840e+00 3.0000e+00
1.6390e+04 -3.5309e+00 3.0000e+00
1.6400e+04 -2.9717e+00 3.0000e+00
1.6410e+04 -3.5193e+00 3.0000e+00
1.6420e+04 -5.1765e+00 3.0000e+00
1.6430e+04 8.6440e-01 3.0000e+00
1.6440e+04 -4.7829e+00 3.0000e+00
1.6450e+04 3.3022e-01 3.0000e+00
1.6460e+04 2.3607e+00 3.0000e+00
1.6470e+04 -7.3432e-03 3.0000e+00
1.6480e+04 2.7851e-01 3.0000e+00
1.6490e+04 -1.1355e+00 3.0000e+00
1.6500e+04 -4.4492e+00 3.0000e+00
1.6510e+04 -1.3294e-01 3.0000e+00
1.6520e+04 2.8807e+00 3.0000e+00
1.6530e+04 5.2125e+00 3.0000e+00
1.6540e+04 -1.2933e+00 3.0000e+00
1.6550e+04 -4.8852e+00 3.0000e+00
1.6560e+04 4.9518e-01 3.0000e+00
1.6570e+04 1.1241e+00 3.0000e+00
1.6580e+04 -6.8645e-01 3.0000e+00
1.6590e+04 -3.4535e+00 3.0000e+00
1.6600e+04 6.0650e+00 3.0000e+00
1.6610e+04 -7.0882e+00 3.0000e+00
1.6620e+04 -1.5414e+00 3.0000e+00
1.6630e+04 -3.9785e+00 3.0000e+00
1.6640e+04 -1.9246e+00 3.0000e+00
1.6650e+04 9.3437e-01 3.0000e+00
1.6660e+04 3.9145e-01 3.0000e+00
1.6670e+04 -2.1590e+00 3.0000e+00
1.6680e+04 2.2994e+00 3.0000e+00
1.6690e+04 1.8301e+00 3.0000e+00
1.6700e+04 1.8986e+00 3.0000e+00
1.6710e+04 -1.3279e+00 3.0000e+00
1.6720e+04 3.0861e+00 3.0000e+00
1.6730e+04 1.9126e+00 3.0000e+00
1.6740e+04 7.4453e+00 3.0000e+00
1.6750e+04 3.0963e+00 3.0000e+00
1.6760e+04 3.3617e+00 3.0000e+00
1.6770e+04 3.2671e-02 3.0000e+00
1.6780e+04 -4.0110e+00 3.0000e+00
1.6790e+04 -1.2818e+00 3.0000e+00
1.6800e+04 -2.4667e+00 3.0000e+00
1.6810e+04 -1.9139e+00 3.0000e+00
1.6820e+04 1.4111e+00 3.0000e+00
1.6830e+04 -1.9612e+00 3.0000e+00
1.6840e+04 -3.0173e+00 3.0000e+00
1.6850e+04 -1.6060e+00 3.0000e+00
1.6860e+04 -9.1237e-01 3.0000e+00
1.6870e+04 7.4054e-01 3.0000e+00
1.6880e+04 -3.4098e+00 3.0000e+00
1.6890e+04 3.2837e-01 3.0000e+00
1.6900e+04 -4.6913e-01 3.0000e+00
1.6910e+04 3.1818e+00 3.0000e+00
1.6920e+04 -1.5284e+00 3.0000e+00
1.6930e+04 -1.3998e+00 3.0000e+00
1.6940e+04 -4.6287e+00 3.0000e+00
1.6950e+04 -5.4003e+00 3.0000e+00
1.6960e+04 -4.5515e-01 3.0000e+00
1.6970e+04 -2.2905e+00 3.0000e+00
1.6980e+04 -2.0020e-01 3.0000e+00
1.6990e+04 -4.5736e+00 3.0000e+00
1.7000e+04 3.6300e+00 3.0000e+00
1.7010e+04 -1.9451e+00 3.0000e+00
1.7020e+04 5.9568e-01 3.0000e+00
1.7030e+04 -3.4778e+00 3.0000e+00
1.7040e+04 -3.5549e+00 3.0000e+00
1.7050e+04 -1.2871e+00 3.0000e+00
1.7060e+04 -2.0000e+00 3.0000e+00
1.7070e+04 -7.3586e+00 3.0000e+00
1.7080e+04 -8.9476e+00 3.0000e+00
1.7090e+04 -8.0164e+00 3.0000e+00
1.7100e+04 -9.3653e+00 3.0000e+00
1.7110e+04 -5.3565e+00 3.0000e+00
1.7120e+04 -7.2082e+00 3.0000e+00
1.7130e+04 -7.5399e+00 3.0000e+00
1.7140e+04 -1.1002e+01 3.0000e+00
1.7150e+04 -5.0851e+00 3.0000e+00
1.7160e+04 -6.6314e+00 3.0000e+00
1.7170e+04 -8.7646e+00 3.0000e+00
1.7180e+04 -5.9978e+00 3.0000e+00
1.7190e+04 -1.2267e+01 3.0000e+00
1.7200e+04 -9.0027e+00 3.0000e+00
1.7210e+04 -9.8188e+00 3.0000e+00
1.7220e+04 -1.0448e+01 3.0000e+00
1.7230e+04 -1.4328e+01 3.0000e+00
1.7240e+04 -1.1814e+01 3.0000e+00
1.7250e+04 -1.5003e+01 3.0000e+00
1.7260e+04 -1.6817e+01 3.0000e+00
1.7270e+04 -1.8412e+01 3.0000e+00
1.7280e+04 -1.2363e+01 3.0000e+00
1.7290e+04 -1.8689e+01 3.0000e+00
1.7300e+04 -1.7339e+01 3.0000e+00
1.7310e+04 -2.1109e+01 3.0000e+00
1.7320e+04 -1.9028e+01 3.0000e+00
1.7330e+04 -2.8472e+01 3.0000e+00
1.7340e+04 -2.2661e+01 3.0000e+00
1.7350e+04 -2.4285e+01 3.0000e+00
1.7360e+04 -2.3632e+01 3.0000e+00
1.7370e+04 -2.1787e+01 3.0000e+00
1.7380e+04 -2.2653e+01 3.0000e+00
1.7390e+04 -1.6343e+01 3.0000e+00
1.7400e+04 -2.4358e+01 3.0000e+00
1.7410e+04 -2.3823e+01 3.0000e+00
1.7420e+04 -2.8173e+01 3.0000e+00
1.7430e+04 -2.5248e+01 3.0000e+00
1.7440e+04 -2.8138e+01 3.0000e+00
1.7450e+04 -2.4298e+01 3.0000e+00
1.7460e+04 -2.2048e+01 3.0000e+00
1.7470e+04 -2.3565e+01 3.0000e+00
1.7480e+04 -2.7003e+01 3.0000e+00
1.7490e+04 -2.9867e+01 3.0000e+00
1.7500e+04 -2.0620e+01 3.0000e+00
1.7510e+04 -1.8825e+01 3.0000e+00
1.7520e+04 -2.4540e+01 3.0000e+00
1.7530e+04 -2.7748e+01 3.0000e+00
1.7540e+04 -2.1014e+01 3.0000e+00
1.7550e+04 -2.6167e+01 3.0000e+00
1.7560e+04 -2.5534e+01 3.0000e+00
1.7570e+04 -2.1157e+01 3.0000e+00
1.7580e+04 -2.7621e+01 3.0000e+00
1.7590e+04 -2.8944e+01 3.0000e+00
1.7600e+04 -2.1382e+01 3.0000e+00
1.7610e+04 -2.0976e+01 3.0000e+00
1.7620e+04 -2.1394e+01 3.0000e+00
1.7630e+04 -1.9660e+01 3.0000e+00
1.7640e+04 -1.7345e+01 3.0000e+00
1.7650e+04 -1.7098e+01 3.0000e+00
1.7660e+04 -2.1111e+01 3.0000e+00
1.7670e+04 -1.6352e+01 3.0000e+00
1.7680e+04 -1.7623e+01 3.0000e+00
1.7690e+04 -1.9007e+01 3.0000e+00
1.7700e+04 -2.0409e+01 3.0000e+00
1.7710e+04 -1.4219e+01 3.0000e+00
1.7720e+04 -1.6548e+01 3.0000e+00
1.7730e+04 -1.4674e+01 3.0000e+00
1.7740e+04 -1.6519e+01 3.0000e+00
1.7750e+04 -1.8123e+01 3.0000e+00
1.7760e+04 -1.2294e+01 3.0000e+00
1.7770e+04 -1.2341e+01 3.0000e+00
1.7780e+04 -7.9144e+00 3.0000e+00
1.7790e+04 -8.4755e+00 3.0000e+00
1.7800e+04 -7.1042e+00 3.0000e+00
1.7810e+04 -1.1910e+01 3.0000e+00
1.7820e+04 -1.1889e+01 3.0000e+00
1.7830e+04 -1.2322e+01 3.0000e+00
1.7840e+04 -6.4752e+00 3.0000e+00
1.7850e+04 9.2350e-01 3.0000e+00
1.7860e+04 -4.7566e+00 3.0000e+00
1.7870e+04 -8.7754e+00 3.0000e+00
1.7880e+04 -3.4851e+00 3.0000e+00
1.7890e+04 -8.9407e+00 3.0000e+00
1.7900e+04 -9.4119e+00 3.0000e+00
1.7910e+04 -2.5909e+00 3.0000e+00
1.7920e+04 -6.7034e+00 3.0000e+00
1.7930e+04 -3.0697e+00 3.0000e+00
1.7940e+04 5.3283e-01 3.0000e+00
1.7950e+04 -2.1731e+00 3.0000e+00
1.7960e+04 -2.9715e-01 3.0000e+00
1.7970e+04 -7.6326e+00 3.0000e+00
1.7980e+04 -5.7844e-01 3.0000e+00
1.7990e+04 4.0866e+00 3.0000e+00
1.8000e+04 -4.8849e-01 3.0000e+00
1.8010e+04 -6.5340e+00 3.0000e+00
1.8020e+04 -2.3359e+00 3.0000e+00
1.8030e+04 -3.0563e+00 3.0000e+00
1.8040e+04 -2.5129e-01 3.0000e+00
1.8050e+04 -2.1353e-02 3.0000e+00
1.8060e+04 8.9563e-02 3.0000e+00
1.8070e+04 -2.0993e+00 3.0000e+00
1.8080e+04 -2.6976e+00 3.0000e+00
1.8090e+04 -2.5704e+00 3.0000e+00
1.8100e+04 1.8479e+00 3.0000e+00
1.8110e+04 -6.1915e+00 3.0000e+00
1.8120e+04 -1.1821e+00 3.0000e+00
1.8130e+04 3.1600e-01 3.0000e+00
1.8140e+04 -2.3951e+00 3.0000e+00
1.8150e+04 1.0471e+00 3.0000e+00
1.8160e+04 -5.5189e-01 3.0000e+00
1.8170e+04 -3.1113e+00 3.0000e+00
1.8180e+04 2.2470e-01 3.0000e+00
1.8190e+04 -1.0311e+00 3.0000e+00
1.8200e+04 -1.4272e+00 3.0000e+00
1.8210e+04 -2.3059e+00 3.0000e+00
1.8220e+04 3.5070e-02 3.0000e+00
1.8230e+04 -5.6678e+00 3.0000e+00
1.8240e+04 -1.3069e+00 3.0000e+00
1.8250e+04 -1.7272e+00 3.0000e+00
1.8260e+04 -2.8189e+00 3.0000e+00
1.8270e+04 1.8865e+00 3.0000e+00
1.8280e+04 -2.2642e+00 3.0000e+00
1.8290e+04 1.5693e+00 3.0000e+00
1.8300e+04 2.8825e+00 3.0000e+00
1.8310e+04 -5.0898e-01 3.0000e+00
1.8320e+04 8.0072e-01 3.0000e+00
1.8330e+04 1.8908e+00 3.0000e+00
1.8340e+04 -2.6648e-01 3.0000e+00
1.8350e+04 1.6027e+00 3.0000e+00
1.8360e+04 -3.8045e+00 3.0000e+00
1.8370e+04 3.3171e+00 3.0000e+00
1.8380e+04 -2.9806e+00 3.0000e+00
1.8390e+04 -5.4965e+00 3.0000e+00
1.8400e+04 4.1451e+00 3.0000e+00
1.8410e+04 -1.9522e-01 3.0000e+00
1.8420e+04 1.3409e+00 3.0000e+00
1.8430e+04 -1.0947e+00 3.0000e+00
1.8440e+04 -3.0658e+00 3.0000e+00
1.8450e+04 -9.2223e+00 3.0000e+00
1.8460e+04 1.8760e+00 3.0000e+00
1.8470e+04 -8.6237e-01 3.0000e+00
1.8480e+04 -5.9394e-01 3.0000e+00
1.8490e+04 1.2152e+00 3.0000e+00
1.8500e+04 -4.2593e+00 3.0000e+00
1.8510e+04 -2.1894e+00 3.0000e+00
1.8520e+04 3.4411e+00 3.0000e+00
1.8530e+04 1.7929e+00 3.0000e+00
1.8540e+04 -3.8444e+00 3.0000e+00
1.8550e+04 -6.6103e+00 3.0000e+00
1.8560e+04 -1.7141e+00 3.0000e+00
1.8570e+04 6.4168e-01 3.0000e+00
1.8580e+04 2.8269e+00 3.0000e+00
1.8590e+04 2.8097e-01 3.0000e+00
1.8600e+04 -3.3671e+00 3.0000e+00
1.8610e+04 9.1834e-01 3.0000e+00
1.8620e+04 -3.5171e+00 3.0000e+00
1.8630e+04 -2.8830e+00 3.0000e+00
1.8640e+04 -1.9613e+00 3.0000e+00
1.8650e+04 -3.6882e+00 3.0000e+00
1.8660e+04 -8.1294e-01 3.0000e+00
1.8670e+04 -2.6999e+00 3.0000e+00
1.8680e+04 -8.5709e-01 3.0000e+00
1.8690e+04 -1.3873e+00 3.0000e+00
1.8700e+04 -1.2294e+00 3.0000e+00
1.8710e+04 -1.5106e+00 3.0000e+00
1.8720e+04 3.6999e+00 3.0000e+00
1.8730e+04 1.8309e+00 3.0000e+00
1.8740e+04 1.7721e-01 3.0000e+00
1.8750e+04 -4.4008e+00 3.0000e+00
1.8760e+04 -4.8774e+00 3.0000e+00
1.8770e+04 -5.8943e+00 3.0000e+00
1.8780e+04 7.8156e+00 3.0000e+00
1.8790e+04 2.9171e+00 3.0000e+00
1.8800e+04 7.7094e-01 3.0000e+00
1.8810e+04 -2.9227e+00 3.0000e+00
1.8820e+04 -3.4391e+00 3.0000e+00
1.8830e+04 1.6429e+00 3.0000e+00
1.8840e+04 4.6953e+00 3.0000e+00
1.8850e+04 -5.0800e+00 3.0000e+00
1.8860e+04 -1.3482e+00 3.0000e+00
1.8870e+04 -2.5288e-01 3.0000e+00
1.8880e+04 -5.9760e+00 3.0000e+00
1.8890e+04 2.5237e+00 3.0000e+00
1.8900e+04 -1.2440e+00 3.0000e+00
1.8910e+04 5.7365e+00 3.0000e+00
1.8920e+04 -1.1727e+00 3.0000e+00
1.8930e+04 1.2275e+00 3.0000e+00
1.8940e+04 -3.4273e+00 3.0000e+00
1.8950e+04 -1.8746e+00 3.0000e+00
1.8960e+04 -3.5062e+00 3.0000e+00
1.8970e+04 1.1777e+00 3.0000e+00
1.8980e+04 3.9055e+00 3.0000e+00
1.8990e+04 -1.7809e+00 3.0000e+00
1.9000e+04 1.3091e+00 3.0000e+00
1.9010e+04 -1.5131e+00 3.0000e+00
1.9020e+04 3.0632e-01 3.0000e+00
1.9030e+04 3.5888e+00 3.0000e+00
1.9040e+04 3.6085e-01 3.0000e+00
1.9050e+04 -3.1105e+00 3.0000e+00
1.9060e+04 -2.5713e+00 3.0000e+00
1.9070e+04 -5.0962e-01 3.0000e+00
1.9080e+04 -5.7500e-01 3.0000e+00
1.9090e+04 -2.5974e+00 3.0000e+00
1.9100e+04 5.4199e-01 3.0000e+00
1.9110e+04 3.7996e+00 3.0000e+00
1.9120e+04 -7.5351e-01 3.0000e+00
1.9130e+04 -6.1371e-01 3.0000e+00
1.9140e+04 -6.6046e+00 3.0000e+00
1.9150e+04 -2.3235e+00 3.0000e+00
1.9160e+04 -4.1798e+00 3.0000e+00
1.9170e+04 -1.1587e+00 3.0000e+00
1.9180e+04 1.5768e+00 3.0000e+00
1.9190e+04 4.5698e+00 3.0000e+00
1.9200e+04 5.3955e+00 3.0000e+00
1.9210e+04 -3.5065e-01 3.0000e+00
1.9220e+04 -9.6059e-01 3.0000e+00
1.9230e+04 2.4525e+00 3.0000e+00
1.9240e+04 1.4705e+00 3.0000e+00
1.9250e+04 2.2958e+00 3.0000e+00
1.9260e+04 2.3348e+00 3.0000e+00
1.9270e+04 -4.4409e+00 3.0000e+00
1.9280e+04 1.6211e+00 3.0000e+00
1.9290e+04 -2.7462e-01 3.0000e+00
1.9300e+04 -2.2808e+00 3.0000e+00
1.9310e+04 -2.0808e+00 3.0000e+00
1.9320e+04 3.8444e+00 3.0000e+00
1.9330e+04 -2.4292e+00 3.0000e+00
1.9340e+04 -3.7105e+00 3.0000e+00
1.9350e+04 6.4406e-01 3.0000e+00
1.9360e+04 6.0323e+00 3.0000e+00
1.9370e+04 7.6663e-02 3.0000e+00
1.9380e+04 9.2490e-01 3.0000e+00
1.9390e+04 -2.8147e+00 3.0000e+00
1.9400e+04 5.0226e+00 3.0000e+00
1.9410e+04 3.7496e-01 3.0000e+00
1.9420e+04 1.5903e+00 3.0000e+00
1.9430e+04 -2.8562e+00 3.0000e+00
1.9440e+04 2.5621e+00 3.0000e+00
1.9450e+04 1.1674e+00 3.0000e+00
1.9460e+04 -3.4680e+00 3.0000e+00
1.9470e+04 1.1922e-01 3.0000e+00
1.9480e+04 -1.3518e+00 3.0000e+00
1.9490e+04 3.2774e-01 3.0000e+00
1.9500e+04 -7.5166e-01 3.0000e+00
1.9510e+04 -5.6970e-01 3.0000e+00
1.9520e+04 -3.0987e+00 3.0000e+00
1.9530e+04 -9.6988e-01 3.0000e+00
1.9540e+04 2.2996e+00 3.0000e+00
1.9550e+04 5.2340e+00 3.0000e+00
1.9560e+04 -3.4816e+00 3.0000e+00
1.9570e+04 7.1322e+00 3.0000e+00
1.9580e+04 4.5782e+00 3.0000e+00
1.9590e+04 5.0552e-01 3.0000e+00
1.9600e+04 -9.0362e-01 3.0000e+00
1.9610e+04 -2.0960e+00 3.0000e+00
1.9620e+04 2.4983e+00 3.0000e+00
1.9630e+04 -2.0838e+00 3.0000e+00
1.9640e+04 -1.3856e+00 3.0000e+00
1.9650e+04 2.6509e+00 3.0000e+00
1.9660e+04 1.3078e+00 3.0000e+00
1.9670e+04 2.6902e+00 3.0000e+00
1.9680e+04 1.5142e+00 3.0000e+00
1.9690e+04 -1.2027e+00 3.0000e+00
1.9700e+04 -1.5415e+00 3.0000e+00
1.9710e+04 2.3891e+00 3.0000e+00
1.9720e+04 -2.0136e+00 3.0000e+00
1.9730e+04 3.5600e+00 3.0000e+00
1.9740e+04 2.3721e+00 3.0000e+00
1.9750e+04 8.6316e-01 3.0000e+00
1.9760e+04 9.6783e-03 3.0000e+00
1.9770e+04 1.0969e+00 3.0000e+00
1.9780e+04 1.0580e+01 3.0000e+00
1.9790e+04 -3.3731e-01 3.0000e+00
1.9800e+04 -4.6698e+00 3.0000e+00
1.9810e+04 5.7453e+00 3.0000e+00
1.9820e+04 1.8295e+00 3.0000e+00
1.9830e+04 -1.9437e+00 3.0000e+00
1.9840e+04 7.8520e+00 3.0000e+00
1.9850e+04 1.6529e+00 3.0000e+00
1.9860e+04 8.8261e-01 3.0000e+00
1.9870e+04 -2.3335e+00 3.0000e+00
1.9880e+04 -3.1948e+00 3.0000e+00
1.9890e+04 -5.3052e+00 3.0000e+00
1.9900e+04 -1.2688e+00 3.0000e+00
1.9910e+04 -3.1593e+00 3.0000e+00
1.9920e+04 1.9433e+00 3.0000e+00
1.9930e+04 -9.5288e-01 3.0000e+00
1.9940e+04 5.3070e+00 3.0000e+00
1.9950e+04 4.5317e+00 3.0000e+00
1.9960e+04 4.9203e-01 3.0000e+00
1.9970e+04 -8.4829e-01 3.0000e+00
1.9980e+04 3.4565e+00 3.0000e+00
1.9990e+04 -3.4395e+00 3.0000e+00
2.0000e+04 2.0211e+00 3.0000e+00
